 [antenna_current.dat]

     i     Im[i].re     Im[i].im      |Im[i]|   PhaseIm[i] 
     1   0.00002335   0.00013298   0.00013501        80.04
     2   0.00002558   0.00009744   0.00010074        75.29
     3   0.00002648   0.00006854   0.00007348        68.88
     4   0.00002569   0.00007092   0.00007543        70.08
     5   0.00002333   0.00008385   0.00008704        74.45
     6   0.00001913   0.00010297   0.00010473        79.48
     7   0.00001442   0.00012446   0.00012530        83.39
     8   0.00001061   0.00014475   0.00014514        85.81
     9   0.00000750   0.00016166   0.00016184        87.34
    10   0.00000507   0.00017429   0.00017436        88.33
    11   0.00000426   0.00018279   0.00018284        88.67
    12   0.00000511   0.00018577   0.00018584        88.42
    13   0.00000747   0.00018218   0.00018233        87.65
    14   0.00001148   0.00017347   0.00017385        86.21
    15   0.00001604   0.00016148   0.00016228        84.33
    16   0.00002008   0.00014766   0.00014901        82.26
    17  -0.00016753  -0.00017263   0.00024056      -134.14
    18  -0.00000127  -0.00000389   0.00000410      -108.05
    19   0.00002577  -0.00275029   0.00275041       -89.46
    20   0.00002836  -0.00216869   0.00216887       -89.25
    21   0.00002945  -0.00120093   0.00120129       -88.60
    22   0.00002862  -0.00220053   0.00220071       -89.25
    23   0.00002600  -0.00276995   0.00277007       -89.46
    24   0.00002131  -0.00323440   0.00323447       -89.62
    25   0.00001603  -0.00361549   0.00361553       -89.75
    26   0.00001173  -0.00393198   0.00393199       -89.83
    27   0.00000820  -0.00416526   0.00416526       -89.89
    28   0.00000540  -0.00430557   0.00430557       -89.93
    29   0.00000441  -0.00435522   0.00435522       -89.94
    30   0.00000532  -0.00431693   0.00431694       -89.93
    31   0.00000791  -0.00419237   0.00419238       -89.89
    32   0.00001239  -0.00398799   0.00398801       -89.82
    33   0.00001752  -0.00369718   0.00369723       -89.73
    34   0.00002205  -0.00327670   0.00327677       -89.61
    35  -0.00018104  -0.00037631   0.00041760      -115.69
    36  -0.00000137  -0.00015601   0.00015602       -90.50
    37   0.00000205   0.00009662   0.00009664        88.78
    38   0.00002427  -0.00001495   0.00002851       -31.62
    39   0.00002460   0.00005514   0.00006038        65.96
    40   0.00002494   0.00012133   0.00012387        78.39
    41   0.00002466  -0.00012573   0.00012813       -78.90



     i     Im[i].re     Im[i].im      |Im[i]|   PhaseIm[i] 
     1   0.00002341   0.00011452   0.00011689        78.45
     2   0.00002565   0.00008287   0.00008675        72.80
     3   0.00002656   0.00005666   0.00006258        64.89
     4   0.00002579   0.00005806   0.00006353        66.05
     5   0.00002342   0.00006839   0.00007229        71.10
     6   0.00001922   0.00008435   0.00008651        77.16
     7   0.00001451   0.00010260   0.00010362        81.95
     8   0.00001068   0.00011986   0.00012034        84.91
     9   0.00000756   0.00013453   0.00013474        86.78
    10   0.00000512   0.00014584   0.00014593        87.99
    11   0.00000429   0.00015369   0.00015375        88.40
    12   0.00000514   0.00015684   0.00015692        88.12
    13   0.00000749   0.00015446   0.00015464        87.23
    14   0.00001150   0.00014766   0.00014811        85.55
    15   0.00001607   0.00013805   0.00013898        83.36
    16   0.00002011   0.00012684   0.00012843        80.99
    17  -0.00016728  -0.00015390   0.00022731      -137.39
    18  -0.00000126  -0.00000330   0.00000353      -110.93
    19   0.00002628  -0.00274710   0.00274722       -89.45
    20   0.00002895  -0.00216670   0.00216690       -89.23
    21   0.00003009  -0.00120049   0.00120087       -88.56
    22   0.00002926  -0.00219925   0.00219945       -89.24
    23   0.00002659  -0.00276857   0.00276870       -89.45
    24   0.00002181  -0.00323294   0.00323302       -89.61
    25   0.00001643  -0.00361393   0.00361397       -89.74
    26   0.00001202  -0.00393023   0.00393025       -89.82
    27   0.00000840  -0.00416337   0.00416338       -89.88
    28   0.00000553  -0.00430364   0.00430365       -89.93
    29   0.00000450  -0.00435323   0.00435323       -89.94
    30   0.00000540  -0.00431487   0.00431487       -89.93
    31   0.00000804  -0.00419028   0.00419029       -89.89
    32   0.00001260  -0.00398588   0.00398590       -89.82
    33   0.00001783  -0.00369494   0.00369499       -89.72
    34   0.00002247  -0.00327428   0.00327436       -89.61
    35  -0.00018334  -0.00037898   0.00042100      -115.82
    36  -0.00000138  -0.00015602   0.00015603       -90.51
    37   0.00000173   0.00009587   0.00009589        88.97
    38   0.00002604  -0.00001555   0.00003033       -30.85
    39   0.00002638   0.00005584   0.00006176        64.71
    40   0.00002675   0.00012513   0.00012796        77.93
    41   0.00002647  -0.00012491   0.00012768       -78.03



     i     Im[i].re     Im[i].im      |Im[i]|   PhaseIm[i] 
     1   0.00002337   0.00009943   0.00010214        76.77
     2   0.00002562   0.00007095   0.00007543        70.15
     3   0.00002653   0.00004701   0.00005398        60.56
     4   0.00002577   0.00004769   0.00005421        61.62
     5   0.00002342   0.00005608   0.00006077        67.33
     6   0.00001924   0.00006959   0.00007220        74.55
     7   0.00001455   0.00008530   0.00008654        80.32
     8   0.00001073   0.00010019   0.00010076        83.89
     9   0.00000762   0.00011306   0.00011332        86.15
    10   0.00000517   0.00012330   0.00012341        87.60
    11   0.00000434   0.00013061   0.00013068        88.10
    12   0.00000517   0.00013383   0.00013393        87.79
    13   0.00000750   0.00013235   0.00013256        86.76
    14   0.00001149   0.00012701   0.00012753        84.83
    15   0.00001605   0.00011921   0.00012028        82.33
    16   0.00002008   0.00010997   0.00011179        79.65
    17  -0.00016641  -0.00013632   0.00021512      -140.68
    18  -0.00000125  -0.00000281   0.00000308      -113.95
    19   0.00002675  -0.00274429   0.00274442       -89.44
    20   0.00002949  -0.00216501   0.00216521       -89.22
    21   0.00003067  -0.00120032   0.00120071       -88.54
    22   0.00002984  -0.00219833   0.00219854       -89.22
    23   0.00002713  -0.00276762   0.00276776       -89.44
    24   0.00002227  -0.00323197   0.00323205       -89.61
    25   0.00001680  -0.00361292   0.00361296       -89.73
    26   0.00001231  -0.00392909   0.00392911       -89.82
    27   0.00000861  -0.00416214   0.00416215       -89.88
    28   0.00000567  -0.00430239   0.00430239       -89.92
    29   0.00000459  -0.00435191   0.00435191       -89.94
    30   0.00000549  -0.00431345   0.00431345       -89.93
    31   0.00000817  -0.00418877   0.00418878       -89.89
    32   0.00001280  -0.00398428   0.00398430       -89.82
    33   0.00001812  -0.00369314   0.00369318       -89.72
    34   0.00002285  -0.00327222   0.00327230       -89.60
    35  -0.00018522  -0.00038069   0.00042336      -115.94
    36  -0.00000140  -0.00015601   0.00015602       -90.51
    37   0.00000132   0.00009461   0.00009462        89.20
    38   0.00002778  -0.00001593   0.00003202       -29.83
    39   0.00002813   0.00005645   0.00006307        63.51
    40   0.00002852   0.00012841   0.00013154        77.48
    41   0.00002826  -0.00012381   0.00012699       -77.14



     i     Im[i].re     Im[i].im      |Im[i]|   PhaseIm[i] 
     1   0.00002321   0.00008818   0.00009119        75.26
     2   0.00002549   0.00006109   0.00006619        67.35
     3   0.00002646   0.00003783   0.00004617        55.04
     4   0.00002572   0.00003798   0.00004587        55.89
     5   0.00002339   0.00004493   0.00005066        62.50
     6   0.00001925   0.00005671   0.00005989        71.25
     7   0.00001460   0.00007064   0.00007213        78.32
     8   0.00001080   0.00008389   0.00008458        82.66
     9   0.00000769   0.00009560   0.00009591        85.40
    10   0.00000524   0.00010525   0.00010538        87.15
    11   0.00000438   0.00011239   0.00011248        87.77
    12   0.00000517   0.00011590   0.00011602        87.44
    13   0.00000747   0.00011532   0.00011557        86.30
    14   0.00001141   0.00011131   0.00011190        84.15
    15   0.00001592   0.00010506   0.00010626        81.38
    16   0.00001993   0.00009737   0.00009939        78.43
    17  -0.00016545  -0.00011990   0.00020433      -144.07
    18  -0.00000124  -0.00000244   0.00000274      -116.86
    19   0.00002713  -0.00274881   0.00274894       -89.43
    20   0.00002996  -0.00216396   0.00216417       -89.21
    21   0.00003121  -0.00119320   0.00119361       -88.50
    22   0.00003039  -0.00219192   0.00219213       -89.21
    23   0.00002766  -0.00276206   0.00276219       -89.43
    24   0.00002275  -0.00322731   0.00322739       -89.60
    25   0.00001719  -0.00360920   0.00360924       -89.73
    26   0.00001262  -0.00392630   0.00392632       -89.82
    27   0.00000884  -0.00416032   0.00416033       -89.88
    28   0.00000581  -0.00430160   0.00430160       -89.92
    29   0.00000468  -0.00435208   0.00435209       -89.94
    30   0.00000556  -0.00431454   0.00431455       -89.93
    31   0.00000825  -0.00419076   0.00419077       -89.89
    32   0.00001293  -0.00398707   0.00398709       -89.81
    33   0.00001834  -0.00369655   0.00369659       -89.72
    34   0.00002315  -0.00327619   0.00327628       -89.60
    35  -0.00018731  -0.00038355   0.00042684      -116.03
    36  -0.00000141  -0.00015584   0.00015585       -90.52
    37   0.00000180   0.00010739   0.00010740        89.04
    38   0.00002901  -0.00003425   0.00004489       -49.73
    39   0.00002927   0.00002913   0.00004129        44.86
    40   0.00002957   0.00008483   0.00008984        70.78
    41   0.00002991   0.00013729   0.00014051        77.71
    42   0.00002960  -0.00012675   0.00013016       -76.85



     i     Im[i].re     Im[i].im      |Im[i]|   PhaseIm[i] 
     1   0.00002303   0.00007763   0.00008097        73.48
     2   0.00002529   0.00005282   0.00005856        64.41
     3   0.00002626   0.00003130   0.00004086        50.01
     4   0.00002554   0.00003105   0.00004020        50.56
     5   0.00002324   0.00003686   0.00004357        57.76
     6   0.00001916   0.00004715   0.00005089        67.89
     7   0.00001457   0.00005947   0.00006123        76.24
     8   0.00001081   0.00007121   0.00007203        81.37
     9   0.00000773   0.00008175   0.00008211        84.60
    10   0.00000530   0.00009066   0.00009081        86.65
    11   0.00000444   0.00009737   0.00009748        87.39
    12   0.00000522   0.00010085   0.00010098        87.04
    13   0.00000748   0.00010073   0.00010101        85.75
    14   0.00001137   0.00009755   0.00009821        83.35
    15   0.00001582   0.00009234   0.00009369        80.28
    16   0.00001978   0.00008578   0.00008803        77.01
    17  -0.00016359  -0.00010448   0.00019411      -147.44
    18  -0.00000122  -0.00000211   0.00000244      -120.10
    19   0.00002754  -0.00274643   0.00274657       -89.43
    20   0.00003042  -0.00216254   0.00216275       -89.19
    21   0.00003170  -0.00119322   0.00119364       -88.48
    22   0.00003088  -0.00219125   0.00219147       -89.19
    23   0.00002813  -0.00276145   0.00276160       -89.42
    24   0.00002316  -0.00322677   0.00322685       -89.59
    25   0.00001753  -0.00360870   0.00360875       -89.72
    26   0.00001290  -0.00392575   0.00392577       -89.81
    27   0.00000906  -0.00415975   0.00415976       -89.88
    28   0.00000598  -0.00430104   0.00430104       -89.92
    29   0.00000481  -0.00435146   0.00435147       -89.94
    30   0.00000568  -0.00431381   0.00431381       -89.92
    31   0.00000839  -0.00418991   0.00418991       -89.89
    32   0.00001313  -0.00398605   0.00398607       -89.81
    33   0.00001861  -0.00369524   0.00369529       -89.71
    34   0.00002349  -0.00327457   0.00327466       -89.59
    35  -0.00018860  -0.00038402   0.00042784      -116.16
    36  -0.00000142  -0.00015582   0.00015582       -90.52
    37   0.00000120   0.00010527   0.00010528        89.35
    38   0.00003066  -0.00003440   0.00004608       -48.29
    39   0.00003091   0.00002916   0.00004250        43.33
    40   0.00003122   0.00008583   0.00009133        70.01
    41   0.00003157   0.00014060   0.00014410        77.34
    42   0.00003129  -0.00012549   0.00012933       -76.00



     i     Im[i].re     Im[i].im      |Im[i]|   PhaseIm[i] 
     1   0.00002275   0.00006957   0.00007320        71.89
     2   0.00002502   0.00004582   0.00005220        61.36
     3   0.00002603   0.00002492   0.00003603        43.76
     4   0.00002533   0.00002438   0.00003515        43.91
     5   0.00002308   0.00002935   0.00003733        51.81
     6   0.00001906   0.00003857   0.00004302        63.70
     7   0.00001454   0.00004976   0.00005184        73.71
     8   0.00001084   0.00006047   0.00006143        79.84
     9   0.00000779   0.00007024   0.00007067        83.67
    10   0.00000537   0.00007874   0.00007893        86.10
    11   0.00000450   0.00008530   0.00008542        86.98
    12   0.00000524   0.00008890   0.00008906        86.62
    13   0.00000745   0.00008929   0.00008960        85.23
    14   0.00001126   0.00008688   0.00008761        82.61
    15   0.00001564   0.00008258   0.00008405        79.28
    16   0.00001954   0.00007690   0.00007935        75.74
    17  -0.00016168  -0.00009004   0.00018506      -150.89
    18  -0.00000120  -0.00000184   0.00000220      -123.19
    19   0.00002789  -0.00274992   0.00275007       -89.42
    20   0.00003084  -0.00216160   0.00216182       -89.18
    21   0.00003217  -0.00118746   0.00118789       -88.45
    22   0.00003137  -0.00218604   0.00218626       -89.18
    23   0.00002860  -0.00275701   0.00275716       -89.41
    24   0.00002359  -0.00322313   0.00322321       -89.58
    25   0.00001790  -0.00360588   0.00360593       -89.72
    26   0.00001321  -0.00392371   0.00392373       -89.81
    27   0.00000930  -0.00415853   0.00415854       -89.87
    28   0.00000615  -0.00430068   0.00430068       -89.92
    29   0.00000493  -0.00435188   0.00435189       -89.94
    30   0.00000578  -0.00431495   0.00431495       -89.92
    31   0.00000851  -0.00419172   0.00419173       -89.88
    32   0.00001329  -0.00398844   0.00398846       -89.81
    33   0.00001883  -0.00369803   0.00369808       -89.71
    34   0.00002378  -0.00327774   0.00327782       -89.58
    35  -0.00019013  -0.00038561   0.00042994      -116.25
    36  -0.00000143  -0.00015566   0.00015567       -90.53
    37   0.00000135   0.00011440   0.00011441        89.32
    38   0.00003195  -0.00004734   0.00005711       -55.98
    39   0.00003211   0.00000794   0.00003308        13.90
    40   0.00003235   0.00006055   0.00006865        61.89
    41   0.00003264   0.00010506   0.00011002        72.74
    42   0.00003296   0.00014599   0.00014966        77.28
    43   0.00003267  -0.00012737   0.00013149       -75.61



     i     Im[i].re     Im[i].im      |Im[i]|   PhaseIm[i] 
     1   0.00002247   0.00006186   0.00006582        70.04
     2   0.00002470   0.00003982   0.00004686        58.18
     3   0.00002569   0.00002030   0.00003275        38.31
     4   0.00002502   0.00001953   0.00003174        37.98
     5   0.00002282   0.00002381   0.00003297        46.22
     6   0.00001888   0.00003209   0.00003723        59.53
     7   0.00001445   0.00004225   0.00004465        71.12
     8   0.00001081   0.00005197   0.00005308        78.25
     9   0.00000782   0.00006095   0.00006145        82.69
    10   0.00000544   0.00006893   0.00006914        85.48
    11   0.00000458   0.00007516   0.00007530        86.51
    12   0.00000530   0.00007866   0.00007884        86.14
    13   0.00000746   0.00007926   0.00007961        84.62
    14   0.00001120   0.00007732   0.00007812        81.76
    15   0.00001549   0.00007361   0.00007522        78.12
    16   0.00001932   0.00006857   0.00007124        74.27
    17  -0.00015904  -0.00007653   0.00017650      -154.30
    18  -0.00000118  -0.00000159   0.00000199      -126.59
    19   0.00002827  -0.00274773   0.00274787       -89.41
    20   0.00003126  -0.00216023   0.00216046       -89.17
    21   0.00003261  -0.00118744   0.00118789       -88.43
    22   0.00003182  -0.00218541   0.00218565       -89.17
    23   0.00002903  -0.00275652   0.00275667       -89.40
    24   0.00002398  -0.00322274   0.00322283       -89.57
    25   0.00001824  -0.00360558   0.00360562       -89.71
    26   0.00001349  -0.00392339   0.00392341       -89.80
    27   0.00000953  -0.00415821   0.00415822       -89.87
    28   0.00000634  -0.00430039   0.00430039       -89.92
    29   0.00000509  -0.00435153   0.00435154       -89.93
    30   0.00000594  -0.00431448   0.00431448       -89.92
    31   0.00000868  -0.00419110   0.00419111       -89.88
    32   0.00001351  -0.00398763   0.00398765       -89.81
    33   0.00001910  -0.00369689   0.00369694       -89.70
    34   0.00002410  -0.00327627   0.00327636       -89.58
    35  -0.00019102  -0.00038531   0.00043006      -116.37
    36  -0.00000144  -0.00015562   0.00015563       -90.53
    37   0.00000054   0.00011172   0.00011172        89.72
    38   0.00003352  -0.00004734   0.00005801       -54.70
    39   0.00003367   0.00000784   0.00003457        13.10
    40   0.00003390   0.00006075   0.00006957        60.84
    41   0.00003419   0.00010619   0.00011155        72.15
    42   0.00003453   0.00014909   0.00015304        76.96
    43   0.00003428  -0.00012610   0.00013068       -74.79



     i     Im[i].re     Im[i].im      |Im[i]|   PhaseIm[i] 
     1   0.00002214   0.00005520   0.00005947        68.14
     2   0.00002433   0.00003463   0.00004233        54.91
     3   0.00002531   0.00001633   0.00003012        32.83
     4   0.00002465   0.00001540   0.00002907        32.00
     5   0.00002250   0.00001913   0.00002954        40.37
     6   0.00001866   0.00002666   0.00003254        55.02
     7   0.00001433   0.00003599   0.00003874        68.29
     8   0.00001077   0.00004491   0.00004619        76.51
     9   0.00000784   0.00005324   0.00005382        81.62
    10   0.00000552   0.00006077   0.00006102        84.81
    11   0.00000467   0.00006671   0.00006687        85.99
    12   0.00000537   0.00007011   0.00007031        85.62
    13   0.00000748   0.00007085   0.00007124        83.98
    14   0.00001112   0.00006923   0.00007012        80.87
    15   0.00001531   0.00006597   0.00006772        76.93
    16   0.00001906   0.00006141   0.00006430        72.76
    17  -0.00015608  -0.00006389   0.00016864      -157.74
    18  -0.00000116  -0.00000138   0.00000180      -130.07
    19   0.00002864  -0.00274556   0.00274571       -89.40
    20   0.00003167  -0.00215884   0.00215907       -89.16
    21   0.00003305  -0.00118738   0.00118784       -88.41
    22   0.00003225  -0.00218480   0.00218503       -89.15
    23   0.00002945  -0.00275605   0.00275621       -89.39
    24   0.00002436  -0.00322240   0.00322249       -89.57
    25   0.00001857  -0.00360532   0.00360537       -89.70
    26   0.00001378  -0.00392313   0.00392315       -89.80
    27   0.00000978  -0.00415794   0.00415795       -89.87
    28   0.00000655  -0.00430015   0.00430015       -89.91
    29   0.00000527  -0.00435123   0.00435123       -89.93
    30   0.00000611  -0.00431404   0.00431405       -89.92
    31   0.00000887  -0.00419051   0.00419052       -89.88
    32   0.00001373  -0.00398683   0.00398686       -89.80
    33   0.00001938  -0.00369575   0.00369580       -89.70
    34   0.00002443  -0.00327480   0.00327490       -89.57
    35  -0.00019174  -0.00038471   0.00042984      -116.49
    36  -0.00000144  -0.00015557   0.00015558       -90.53
    37  -0.00000038   0.00010890   0.00010890        90.20
    38   0.00003507  -0.00004728   0.00005886       -53.43
    39   0.00003520   0.00000775   0.00003605        12.41
    40   0.00003542   0.00006088   0.00007043        59.81
    41   0.00003571   0.00010711   0.00011291        71.56
    42   0.00003607   0.00015182   0.00015604        76.64
    43   0.00003587  -0.00012482   0.00012987       -73.97



     i     Im[i].re     Im[i].im      |Im[i]|   PhaseIm[i] 
     1   0.00002174   0.00005002   0.00005454        66.51
     2   0.00002391   0.00003012   0.00003846        51.55
     3   0.00002491   0.00001227   0.00002776        26.22
     4   0.00002428   0.00001123   0.00002675        24.82
     5   0.00002219   0.00001455   0.00002653        33.26
     6   0.00001844   0.00002156   0.00002837        49.45
     7   0.00001423   0.00003032   0.00003349        64.86
     8   0.00001075   0.00003871   0.00004018        74.48
     9   0.00000788   0.00004664   0.00004730        80.40
    10   0.00000560   0.00005395   0.00005424        84.07
    11   0.00000476   0.00005978   0.00005996        85.45
    12   0.00000542   0.00006319   0.00006343        85.09
    13   0.00000746   0.00006413   0.00006457        83.37
    14   0.00001100   0.00006287   0.00006382        80.08
    15   0.00001508   0.00006001   0.00006187        75.90
    16   0.00001873   0.00005584   0.00005890        71.46
    17  -0.00015310  -0.00005199   0.00016169      -161.24
    18  -0.00000114  -0.00000121   0.00000166      -133.36
    19   0.00002898  -0.00274828   0.00274843       -89.40
    20   0.00003206  -0.00215785   0.00215809       -89.15
    21   0.00003347  -0.00118238   0.00118285       -88.38
    22   0.00003269  -0.00218023   0.00218048       -89.14
    23   0.00002989  -0.00275224   0.00275240       -89.38
    24   0.00002477  -0.00321933   0.00321942       -89.56
    25   0.00001894  -0.00360300   0.00360305       -89.70
    26   0.00001410  -0.00392150   0.00392152       -89.79
    27   0.00001005  -0.00415703   0.00415705       -89.86
    28   0.00000676  -0.00429999   0.00429999       -89.91
    29   0.00000544  -0.00435172   0.00435172       -89.93
    30   0.00000627  -0.00431511   0.00431511       -89.92
    31   0.00000904  -0.00419211   0.00419212       -89.88
    32   0.00001393  -0.00398886   0.00398889       -89.80
    33   0.00001962  -0.00369803   0.00369808       -89.70
    34   0.00002472  -0.00327734   0.00327743       -89.57
    35  -0.00019274  -0.00038522   0.00043075      -116.58
    36  -0.00000145  -0.00015543   0.00015543       -90.54
    37  -0.00000071   0.00011546   0.00011546        90.35
    38   0.00003634  -0.00005705   0.00006764       -57.51
    39   0.00003639  -0.00000853   0.00003738       -13.19
    40   0.00003652   0.00003888   0.00005334        46.80
    41   0.00003673   0.00008373   0.00009143        66.32
    42   0.00003700   0.00012108   0.00012661        73.01
    43   0.00003736   0.00015516   0.00015960        76.46
    44   0.00003719  -0.00012632   0.00013168       -73.60



     i     Im[i].re     Im[i].im      |Im[i]|   PhaseIm[i] 
     1   0.00002134   0.00004489   0.00004970        64.57
     2   0.00002346   0.00002615   0.00003513        48.11
     3   0.00002443   0.00000930   0.00002614        20.83
     4   0.00002382   0.00000817   0.00002518        18.93
     5   0.00002179   0.00001115   0.00002448        27.11
     6   0.00001816   0.00001767   0.00002534        44.22
     7   0.00001406   0.00002587   0.00002945        61.47
     8   0.00001069   0.00003373   0.00003538        72.41
     9   0.00000790   0.00004121   0.00004196        79.14
    10   0.00000569   0.00004818   0.00004852        83.27
    11   0.00000487   0.00005377   0.00005399        84.83
    12   0.00000551   0.00005707   0.00005734        84.49
    13   0.00000748   0.00005804   0.00005852        82.66
    14   0.00001091   0.00005693   0.00005797        79.15
    15   0.00001487   0.00005430   0.00005630        74.69
    16   0.00001842   0.00005041   0.00005367        69.93
    17  -0.00014957  -0.00004089   0.00015505      -164.71
    18  -0.00000111  -0.00000104   0.00000152      -136.97
    19   0.00002936  -0.00274614   0.00274630       -89.39
    20   0.00003246  -0.00215637   0.00215661       -89.14
    21   0.00003389  -0.00118216   0.00118265       -88.36
    22   0.00003312  -0.00217951   0.00217976       -89.13
    23   0.00003030  -0.00275173   0.00275189       -89.37
    24   0.00002515  -0.00321896   0.00321906       -89.55
    25   0.00001928  -0.00360275   0.00360280       -89.69
    26   0.00001440  -0.00392125   0.00392128       -89.79
    27   0.00001032  -0.00415680   0.00415681       -89.86
    28   0.00000700  -0.00429979   0.00429979       -89.91
    29   0.00000566  -0.00435145   0.00435145       -89.93
    30   0.00000648  -0.00431470   0.00431471       -89.91
    31   0.00000926  -0.00419154   0.00419155       -89.87
    32   0.00001418  -0.00398808   0.00398811       -89.80
    33   0.00001992  -0.00369689   0.00369694       -89.69
    34   0.00002505  -0.00327587   0.00327596       -89.56
    35  -0.00019321  -0.00038418   0.00043003      -116.70
    36  -0.00000146  -0.00015537   0.00015538       -90.54
    37  -0.00000187   0.00011237   0.00011238        90.95
    38   0.00003782  -0.00005694   0.00006836       -56.41
    39   0.00003786  -0.00000866   0.00003883       -12.89
    40   0.00003796   0.00003876   0.00005425        45.60
    41   0.00003815   0.00008389   0.00009216        65.55
    42   0.00003842   0.00012198   0.00012789        72.52
    43   0.00003881   0.00015765   0.00016236        76.17
    44   0.00003870  -0.00012516   0.00013101       -72.82



     i     Im[i].re     Im[i].im      |Im[i]|   PhaseIm[i] 
     1   0.00002088   0.00004084   0.00004587        62.92
     2   0.00002296   0.00002264   0.00003225        44.60
     3   0.00002394   0.00000620   0.00002472        14.51
     4   0.00002336   0.00000501   0.00002389        12.12
     5   0.00002140   0.00000775   0.00002276        19.91
     6   0.00001788   0.00001393   0.00002267        37.92
     7   0.00001392   0.00002176   0.00002583        57.40
     8   0.00001065   0.00002926   0.00003114        70.01
     9   0.00000794   0.00003647   0.00003732        77.72
    10   0.00000578   0.00004328   0.00004367        82.40
    11   0.00000497   0.00004878   0.00004903        84.18
    12   0.00000558   0.00005206   0.00005236        83.89
    13   0.00000747   0.00005312   0.00005365        81.99
    14   0.00001078   0.00005220   0.00005330        78.33
    15   0.00001461   0.00004979   0.00005189        73.64
    16   0.00001804   0.00004612   0.00004952        68.63
    17  -0.00014602  -0.00003042   0.00014916      -168.23
    18  -0.00000108  -0.00000090   0.00000141      -140.38
    19   0.00002972  -0.00274817   0.00274833       -89.38
    20   0.00003285  -0.00215526   0.00215551       -89.13
    21   0.00003430  -0.00117767   0.00117817       -88.33
    22   0.00003355  -0.00217538   0.00217564       -89.12
    23   0.00003072  -0.00274831   0.00274849       -89.36
    24   0.00002555  -0.00321623   0.00321634       -89.54
    25   0.00001964  -0.00360069   0.00360075       -89.69
    26   0.00001473  -0.00391981   0.00391983       -89.78
    27   0.00001061  -0.00415599   0.00415600       -89.85
    28   0.00000724  -0.00429963   0.00429963       -89.90
    29   0.00000587  -0.00435183   0.00435184       -89.92
    30   0.00000668  -0.00431556   0.00431557       -89.91
    31   0.00000947  -0.00419283   0.00419284       -89.87
    32   0.00001441  -0.00398970   0.00398973       -89.79
    33   0.00002019  -0.00369866   0.00369872       -89.69
    34   0.00002537  -0.00327781   0.00327791       -89.56
    35  -0.00019393  -0.00038413   0.00043031      -116.79
    36  -0.00000147  -0.00015524   0.00015524       -90.54
    37  -0.00000257   0.00011737   0.00011739        91.25
    38   0.00003908  -0.00006469   0.00007558       -58.86
    39   0.00003905  -0.00002156   0.00004461       -28.90
    40   0.00003908   0.00002105   0.00004439        28.31
    41   0.00003918   0.00006234   0.00007363        57.85
    42   0.00003937   0.00010120   0.00010859        68.74
    43   0.00003965   0.00013231   0.00013812        73.32
    44   0.00004005   0.00015953   0.00016448        75.91
    45   0.00003999  -0.00012644   0.00013261       -72.45



     i     Im[i].re     Im[i].im      |Im[i]|   PhaseIm[i] 
     1   0.00002043   0.00003678   0.00004208        60.95
     2   0.00002244   0.00001952   0.00002974        41.02
     3   0.00002338   0.00000390   0.00002370         9.47
     4   0.00002282   0.00000268   0.00002298         6.70
     5   0.00002093   0.00000520   0.00002157        13.95
     6   0.00001754   0.00001106   0.00002073        32.22
     7   0.00001372   0.00001851   0.00002304        53.46
     8   0.00001056   0.00002564   0.00002773        67.61
     9   0.00000795   0.00003252   0.00003348        76.26
    10   0.00000587   0.00003909   0.00003953        81.46
    11   0.00000509   0.00004439   0.00004468        83.46
    12   0.00000567   0.00004754   0.00004788        83.20
    13   0.00000750   0.00004858   0.00004915        81.23
    14   0.00001069   0.00004770   0.00004889        77.37
    15   0.00001438   0.00004540   0.00004762        72.43
    16   0.00001769   0.00004187   0.00004545        67.09
    17  -0.00014201  -0.00002068   0.00014350      -171.72
    18  -0.00000106  -0.00000076   0.00000130      -144.11
    19   0.00003011  -0.00274601   0.00274618       -89.37
    20   0.00003326  -0.00215366   0.00215392       -89.12
    21   0.00003472  -0.00117726   0.00117778       -88.31
    22   0.00003397  -0.00217453   0.00217479       -89.11
    23   0.00003113  -0.00274771   0.00274788       -89.35
    24   0.00002593  -0.00321580   0.00321590       -89.54
    25   0.00002000  -0.00360039   0.00360044       -89.68
    26   0.00001506  -0.00391952   0.00391955       -89.78
    27   0.00001090  -0.00415572   0.00415574       -89.85
    28   0.00000751  -0.00429940   0.00429941       -89.90
    29   0.00000612  -0.00435154   0.00435154       -89.92
    30   0.00000693  -0.00431513   0.00431513       -89.91
    31   0.00000973  -0.00419223   0.00419224       -89.87
    32   0.00001470  -0.00398888   0.00398890       -89.79
    33   0.00002051  -0.00369747   0.00369752       -89.68
    34   0.00002572  -0.00327629   0.00327639       -89.55
    35  -0.00019420  -0.00038276   0.00042920      -116.90
    36  -0.00000148  -0.00015518   0.00015519       -90.55
    37  -0.00000400   0.00011414   0.00011421        92.01
    38   0.00004051  -0.00006458   0.00007624       -57.90
    39   0.00004047  -0.00002172   0.00004592       -28.22
    40   0.00004046   0.00002081   0.00004550        27.22
    41   0.00004052   0.00006219   0.00007423        56.91
    42   0.00004069   0.00010133   0.00010920        68.12
    43   0.00004097   0.00013310   0.00013927        72.89
    44   0.00004141   0.00016174   0.00016696        75.64
    45   0.00004144  -0.00012542   0.00013209       -71.72



     i     Im[i].re     Im[i].im      |Im[i]|   PhaseIm[i] 
     1   0.00001995   0.00003315   0.00003869        58.96
     2   0.00002188   0.00001672   0.00002754        37.39
     3   0.00002279   0.00000185   0.00002286         4.65
     4   0.00002225   0.00000061   0.00002226         1.58
     5   0.00002044   0.00000296   0.00002065         8.23
     6   0.00001718   0.00000855   0.00001919        26.46
     7   0.00001351   0.00001569   0.00002071        49.29
     8   0.00001047   0.00002252   0.00002483        65.05
     9   0.00000796   0.00002912   0.00003019        74.71
    10   0.00000596   0.00003547   0.00003597        80.46
    11   0.00000521   0.00004059   0.00004093        82.69
    12   0.00000577   0.00004362   0.00004400        82.46
    13   0.00000752   0.00004461   0.00004524        80.43
    14   0.00001059   0.00004376   0.00004502        76.40
    15   0.00001413   0.00004152   0.00004386        71.20
    16   0.00001732   0.00003809   0.00004184        65.55
    17  -0.00013778  -0.00001156   0.00013827      -175.20
    18  -0.00000102  -0.00000064   0.00000121      -147.89
    19   0.00003051  -0.00274382   0.00274399       -89.36
    20   0.00003368  -0.00215199   0.00215225       -89.10
    21   0.00003514  -0.00117676   0.00117729       -88.29
    22   0.00003439  -0.00217361   0.00217388       -89.09
    23   0.00003155  -0.00274705   0.00274724       -89.34
    24   0.00002632  -0.00321533   0.00321543       -89.53
    25   0.00002036  -0.00360005   0.00360010       -89.68
    26   0.00001539  -0.00391920   0.00391923       -89.78
    27   0.00001121  -0.00415543   0.00415544       -89.85
    28   0.00000779  -0.00429915   0.00429915       -89.90
    29   0.00000639  -0.00435121   0.00435121       -89.92
    30   0.00000720  -0.00431466   0.00431466       -89.90
    31   0.00001000  -0.00419159   0.00419160       -89.86
    32   0.00001500  -0.00398801   0.00398803       -89.78
    33   0.00002085  -0.00369622   0.00369628       -89.68
    34   0.00002609  -0.00327472   0.00327482       -89.54
    35  -0.00019439  -0.00038123   0.00042793      -117.02
    36  -0.00000148  -0.00015513   0.00015513       -90.55
    37  -0.00000555   0.00011094   0.00011108        92.86
    38   0.00004192  -0.00006447   0.00007690       -56.96
    39   0.00004186  -0.00002187   0.00004723       -27.59
    40   0.00004181   0.00002056   0.00004659        26.18
    41   0.00004183   0.00006200   0.00007479        55.99
    42   0.00004196   0.00010137   0.00010971        67.51
    43   0.00004225   0.00013372   0.00014024        72.47
    44   0.00004272   0.00016367   0.00016916        75.37
    45   0.00004286  -0.00012445   0.00013163       -71.00



     i     Im[i].re     Im[i].im      |Im[i]|   PhaseIm[i] 
     1   0.00001943   0.00003026   0.00003596        57.30
     2   0.00002130   0.00001421   0.00002561        33.72
     3   0.00002219  -0.00000035   0.00002219        -0.90
     4   0.00002169  -0.00000160   0.00002174        -4.22
     5   0.00001995   0.00000062   0.00001996         1.79
     6   0.00001682   0.00000604   0.00001788        19.76
     7   0.00001330   0.00001299   0.00001860        44.32
     8   0.00001040   0.00001962   0.00002221        62.09
     9   0.00000798   0.00002607   0.00002727        72.97
    10   0.00000606   0.00003233   0.00003290        79.39
    11   0.00000533   0.00003738   0.00003776        81.89
    12   0.00000586   0.00004037   0.00004080        81.74
    13   0.00000753   0.00004138   0.00004206        79.69
    14   0.00001046   0.00004059   0.00004191        75.55
    15   0.00001385   0.00003842   0.00004084        70.18
    16   0.00001690   0.00003507   0.00003893        64.27
    17  -0.00013357  -0.00000293   0.00013360      -178.74
    18  -0.00000099  -0.00000054   0.00000113      -151.47
    19   0.00003090  -0.00274526   0.00274543       -89.36
    20   0.00003409  -0.00215066   0.00215093       -89.09
    21   0.00003556  -0.00117249   0.00117303       -88.26
    22   0.00003482  -0.00216966   0.00216994       -89.08
    23   0.00003197  -0.00274382   0.00274400       -89.33
    24   0.00002673  -0.00321274   0.00321285       -89.52
    25   0.00002074  -0.00359809   0.00359815       -89.67
    26   0.00001575  -0.00391780   0.00391784       -89.77
    27   0.00001154  -0.00415460   0.00415462       -89.84
    28   0.00000808  -0.00429891   0.00429892       -89.89
    29   0.00000665  -0.00435144   0.00435145       -89.91
    30   0.00000745  -0.00431529   0.00431529       -89.90
    31   0.00001027  -0.00419258   0.00419259       -89.86
    32   0.00001529  -0.00398925   0.00398928       -89.78
    33   0.00002117  -0.00369754   0.00369760       -89.67
    34   0.00002645  -0.00327614   0.00327625       -89.54
    35  -0.00019483  -0.00038062   0.00042759      -117.11
    36  -0.00000149  -0.00015500   0.00015501       -90.55
    37  -0.00000679   0.00011478   0.00011498        93.39
    38   0.00004314  -0.00007087   0.00008296       -58.67
    39   0.00004302  -0.00003241   0.00005387       -36.99
    40   0.00004291   0.00000596   0.00004333         7.91
    41   0.00004285   0.00004377   0.00006126        45.61
    42   0.00004287   0.00008053   0.00009123        61.97
    43   0.00004302   0.00011488   0.00012267        69.47
    44   0.00004334   0.00014156   0.00014804        72.98
    45   0.00004385   0.00016453   0.00017028        75.08
    46   0.00004407  -0.00012574   0.00013323       -70.69



     i     Im[i].re     Im[i].im      |Im[i]|   PhaseIm[i] 
     1   0.00001891   0.00002730   0.00003321        55.29
     2   0.00002069   0.00001194   0.00002389        30.00
     3   0.00002154  -0.00000198   0.00002163        -5.25
     4   0.00002106  -0.00000323   0.00002131        -8.73
     5   0.00001940  -0.00000112   0.00001943        -3.32
     6   0.00001642   0.00000412   0.00001693        14.08
     7   0.00001306   0.00001085   0.00001698        39.71
     8   0.00001029   0.00001725   0.00002009        59.19
     9   0.00000799   0.00002350   0.00002482        71.22
    10   0.00000615   0.00002959   0.00003022        78.26
    11   0.00000546   0.00003449   0.00003492        81.00
    12   0.00000597   0.00003736   0.00003783        80.93
    13   0.00000756   0.00003830   0.00003904        78.83
    14   0.00001035   0.00003748   0.00003888        74.56
    15   0.00001359   0.00003532   0.00003784        68.96
    16   0.00001650   0.00003202   0.00003602        62.74
    17  -0.00012899   0.00000505   0.00012908       177.76
    18  -0.00000096  -0.00000044   0.00000106       204.63
    19   0.00003133  -0.00274300   0.00274318       -89.35
    20   0.00003453  -0.00214884   0.00214912       -89.08
    21   0.00003599  -0.00117178   0.00117233       -88.24
    22   0.00003525  -0.00216857   0.00216885       -89.07
    23   0.00003240  -0.00274303   0.00274322       -89.32
    24   0.00002714  -0.00321216   0.00321227       -89.52
    25   0.00002112  -0.00359765   0.00359771       -89.66
    26   0.00001610  -0.00391740   0.00391743       -89.76
    27   0.00001187  -0.00415423   0.00415425       -89.84
    28   0.00000839  -0.00429858   0.00429859       -89.89
    29   0.00000695  -0.00435104   0.00435104       -89.91
    30   0.00000776  -0.00431474   0.00431475       -89.90
    31   0.00001058  -0.00419186   0.00419187       -89.86
    32   0.00001562  -0.00398830   0.00398833       -89.78
    33   0.00002154  -0.00369620   0.00369626       -89.67
    34   0.00002685  -0.00327449   0.00327460       -89.53
    35  -0.00019486  -0.00037884   0.00042602      -117.22
    36  -0.00000150  -0.00015494   0.00015495       -90.55
    37  -0.00000862   0.00011159   0.00011193        94.42
    38   0.00004449  -0.00007081   0.00008362       -57.85
    39   0.00004437  -0.00003260   0.00005506       -36.31
    40   0.00004422   0.00000566   0.00004458         7.29
    41   0.00004410   0.00004345   0.00006191        44.58
    42   0.00004407   0.00008029   0.00009159        61.24
    43   0.00004419   0.00011484   0.00012305        68.96
    44   0.00004451   0.00014205   0.00014886        72.60
    45   0.00004507   0.00016621   0.00017221        74.83
    46   0.00004542  -0.00012494   0.00013294       -70.02



     i     Im[i].re     Im[i].im      |Im[i]|   PhaseIm[i] 
     1   0.00001835   0.00002493   0.00003096        53.63
     2   0.00002006   0.00000989   0.00002237        26.25
     3   0.00002089  -0.00000375   0.00002122       -10.19
     4   0.00002043  -0.00000500   0.00002103       -13.76
     5   0.00001885  -0.00000297   0.00001909        -8.96
     6   0.00001602   0.00000216   0.00001616         7.66
     7   0.00001283   0.00000875   0.00001553        34.30
     8   0.00001019   0.00001503   0.00001816        55.85
     9   0.00000800   0.00002116   0.00002262        69.29
    10   0.00000625   0.00002718   0.00002789        77.05
    11   0.00000559   0.00003202   0.00003250        80.09
    12   0.00000607   0.00003484   0.00003537        80.12
    13   0.00000757   0.00003577   0.00003656        78.05
    14   0.00001022   0.00003496   0.00003643        73.70
    15   0.00001329   0.00003283   0.00003541        67.96
    16   0.00001606   0.00002956   0.00003364        61.49
    17  -0.00012441   0.00001259   0.00012504       174.22
    18  -0.00000093  -0.00000036   0.00000099       200.94
    19   0.00003175  -0.00274395   0.00274414       -89.34
    20   0.00003496  -0.00214735   0.00214763       -89.07
    21   0.00003642  -0.00116771   0.00116828       -88.21
    22   0.00003569  -0.00216478   0.00216508       -89.06
    23   0.00003284  -0.00273994   0.00274014       -89.31
    24   0.00002756  -0.00320969   0.00320981       -89.51
    25   0.00002152  -0.00359577   0.00359583       -89.66
    26   0.00001648  -0.00391603   0.00391606       -89.76
    27   0.00001223  -0.00415338   0.00415339       -89.83
    28   0.00000872  -0.00429826   0.00429826       -89.88
    29   0.00000726  -0.00435112   0.00435113       -89.90
    30   0.00000806  -0.00431516   0.00431517       -89.89
    31   0.00001089  -0.00419257   0.00419259       -89.85
    32   0.00001595  -0.00398921   0.00398924       -89.77
    33   0.00002190  -0.00369713   0.00369720       -89.66
    34   0.00002724  -0.00327548   0.00327559       -89.52
    35  -0.00019513  -0.00037790   0.00042530      -117.31
    36  -0.00000151  -0.00015482   0.00015483       -90.56
    37  -0.00001026   0.00011468   0.00011514        95.11
    38   0.00004568  -0.00007624   0.00008888       -59.07
    39   0.00004553  -0.00004143   0.00006156       -42.30
    40   0.00004533  -0.00000654   0.00004580        -8.21
    41   0.00004514   0.00002807   0.00005316        31.87
    42   0.00004501   0.00006221   0.00007679        54.12
    43   0.00004499   0.00009517   0.00010526        64.70
    44   0.00004514   0.00012553   0.00013341        70.22
    45   0.00004551   0.00014801   0.00015485        72.91
    46   0.00004613   0.00016632   0.00017260        74.50
    47   0.00004657  -0.00012618   0.00013450       -69.74



