 [antenna_field.dat]

  É” = 0.000 Åãplane
   --    >>-------   -------   --EÉ”--   -------   -------<< ** >>-------   -------   --EÉ∆--   -------   -------<< ** >>-------   --------<<
 É∆(deg)   FRAD.re   FRAD.im    |FRAD|    FPHASE  FGAI(dB)   **   TRAD.re   TRAD.im    |TRAD|    TPHASE  TGAI(dB)   ** TFGAI(dB)    TPHASE
 -90.000  -0.00000  -0.00000   0.00000  -134.492  -60.0000   **  -0.02680  -0.12061   0.12355  -102.529   -7.2079   **   -7.2079   -31.9637 
 -89.000  -0.00216  -0.00700   0.00732  -107.133  -31.7544   **  -0.02664  -0.12064   0.12355  -102.453   -7.2081   **   -7.1929    -4.6804 
 -88.000  -0.00431  -0.01399   0.01464  -107.137  -25.7323   **  -0.02616  -0.12074   0.12354  -102.224   -7.2085   **   -7.1479    -4.9125 
 -87.000  -0.00648  -0.02099   0.02197  -107.143  -22.2079   **  -0.02536  -0.12091   0.12354  -101.844   -7.2088   **   -7.0736    -5.2992 
 -86.000  -0.00864  -0.02800   0.02931  -107.152  -19.7057   **  -0.02423  -0.12114   0.12354  -101.312   -7.2087   **   -6.9709    -5.8398 
 -85.000  -0.01082  -0.03502   0.03665  -107.163  -17.7630   **  -0.02279  -0.12144   0.12356  -100.629   -7.2075   **   -6.8412    -6.5338 
 -84.000  -0.01300  -0.04205   0.04401  -107.177  -16.1739   **  -0.02103  -0.12180   0.12360   -99.797   -7.2043   **   -6.6859    -7.3799 
 -83.000  -0.01519  -0.04908   0.05138  -107.193  -14.8286   **  -0.01896  -0.12223   0.12369   -98.816   -7.1982   **   -6.5068    -8.3766 
 -82.000  -0.01739  -0.05614   0.05877  -107.211  -13.6615   **  -0.01657  -0.12272   0.12383   -97.690   -7.1880   **   -6.3058    -9.5214 
 -81.000  -0.01960  -0.06321   0.06618  -107.232  -12.6303   **  -0.01387  -0.12327   0.12405   -96.420   -7.1726   **   -6.0849   -10.8111 
 -80.000  -0.02183  -0.07030   0.07361  -107.254  -11.7061   **  -0.01087  -0.12389   0.12437   -95.013   -7.1504   **   -5.8462   -12.2415 
 -79.000  -0.02408  -0.07740   0.08106  -107.279  -10.8684   **  -0.00756  -0.12457   0.12480   -93.472   -7.1202   **   -5.5916   -13.8072 
 -78.000  -0.02634  -0.08453   0.08854  -107.306  -10.1020   **  -0.00395  -0.12532   0.12538   -91.805   -7.0802   **   -5.3231   -15.5011 
 -77.000  -0.02862  -0.09168   0.09604  -107.336   -9.3954   **  -0.00004  -0.12612   0.12612   -90.020   -7.0291   **   -5.0427   -17.3151 
 -76.000  -0.03092  -0.09885   0.10358  -107.367   -8.7396   **   0.00415  -0.12698   0.12705   -88.127   -6.9654   **   -4.7522   -19.2393 
 -75.000  -0.03323  -0.10605   0.11114  -107.400   -8.1275   **   0.00864  -0.12790   0.12819   -86.137   -6.8876   **   -4.4532   -21.2622 
 -74.000  -0.03557  -0.11327   0.11873  -107.434   -7.5536   **   0.01340  -0.12887   0.12957   -84.063   -6.7947   **   -4.1473   -23.3710 
 -73.000  -0.03793  -0.12052   0.12635  -107.471   -7.0131   **   0.01844  -0.12990   0.13121   -81.919   -6.6855   **   -3.8359   -25.5515 
 -72.000  -0.04032  -0.12780   0.13401  -107.509   -6.5021   **   0.02376  -0.13099   0.13313   -79.720   -6.5594   **   -3.5204   -27.7885 
 -71.000  -0.04272  -0.13510   0.14169  -107.548   -6.0176   **   0.02934  -0.13213   0.13534   -77.482   -6.4159   **   -3.2019   -30.0664 
 -70.000  -0.04515  -0.14243   0.14941  -107.589   -5.5568   **   0.03517  -0.13331   0.13787   -75.220   -6.2550   **   -2.8816   -32.3691 
 -69.000  -0.04760  -0.14979   0.15717  -107.631   -5.1173   **   0.04126  -0.13455   0.14073   -72.951   -6.0767   **   -2.5603   -34.6807 
 -68.000  -0.05008  -0.15717   0.16496  -107.675   -4.6973   **   0.04760  -0.13583   0.14393   -70.689   -5.8816   **   -2.2389   -36.9858 
 -67.000  -0.05258  -0.16458   0.17277  -107.719   -4.2951   **   0.05417  -0.13716   0.14747   -68.449   -5.6705   **   -1.9183   -39.2703 
 -66.000  -0.05511  -0.17201   0.18063  -107.765   -3.9091   **   0.06097  -0.13853   0.15136   -66.244   -5.4445   **   -1.5990   -41.5211 
 -65.000  -0.05766  -0.17947   0.18851  -107.811   -3.5381   **   0.06800  -0.13995   0.15559   -64.085   -5.2049   **   -1.2817   -43.7266 
 -64.000  -0.06024  -0.18696   0.19642  -107.858   -3.1810   **   0.07524  -0.14140   0.16017   -61.981   -4.9529   **   -0.9669   -45.8772 
 -63.000  -0.06283  -0.19446   0.20436  -107.906   -2.8367   **   0.08269  -0.14289   0.16509   -59.942   -4.6902   **   -0.6550   -47.9648 
 -62.000  -0.06545  -0.20199   0.21233  -107.955   -2.5045   **   0.09034  -0.14441   0.17034   -57.972   -4.4182   **   -0.3465   -49.9831 
 -61.000  -0.06810  -0.20953   0.22032  -108.004   -2.1836   **   0.09817  -0.14597   0.17591   -56.077   -4.1387   **   -0.0417   -51.9275 
 -60.000  -0.07076  -0.21709   0.22834  -108.053   -1.8732   **   0.10619  -0.14756   0.18180   -54.259   -3.8529   **    0.2591   -53.7947 
 -59.000  -0.07345  -0.22467   0.23637  -108.103   -1.5727   **   0.11438  -0.14917   0.18798   -52.520   -3.5626   **    0.5556   -55.5832 
 -58.000  -0.07615  -0.23226   0.24443  -108.153   -1.2817   **   0.12273  -0.15081   0.19444   -50.861   -3.2689   **    0.8477   -57.2921 
 -57.000  -0.07888  -0.23986   0.25250  -108.203   -0.9996   **   0.13124  -0.15247   0.20117   -49.281   -2.9732   **    1.1351   -58.9221 
 -56.000  -0.08162  -0.24747   0.26058  -108.253   -0.7259   **   0.13988  -0.15416   0.20816   -47.779   -2.6767   **    1.4176   -60.4741 
 -55.000  -0.08438  -0.25508   0.26867  -108.304   -0.4603   **   0.14866  -0.15586   0.21539   -46.353   -2.3803   **    1.6952   -61.9501 
 -54.000  -0.08715  -0.26269   0.27676  -108.354   -0.2025   **   0.15756  -0.15757   0.22283   -45.001   -2.0851   **    1.9677   -63.3525 
 -53.000  -0.08993  -0.27029   0.28486  -108.403    0.0480   **   0.16658  -0.15929   0.23048   -43.720   -1.7918   **    2.2351   -64.6837 
 -52.000  -0.09273  -0.27789   0.29295  -108.453    0.2914   **   0.17570  -0.16103   0.23833   -42.506   -1.5012   **    2.4972   -65.9469 
 -51.000  -0.09553  -0.28548   0.30104  -108.502    0.5279   **   0.18490  -0.16277   0.24634   -41.357   -1.2140   **    2.7540   -67.1449 
 -50.000  -0.09834  -0.29306   0.30912  -108.550    0.7578   **   0.19419  -0.16451   0.25451   -40.269   -0.9306   **    3.0054   -68.2811 
 -49.000  -0.10116  -0.30061   0.31718  -108.598    0.9813   **   0.20356  -0.16625   0.26282   -39.240   -0.6515   **    3.2515   -69.3586 
 -48.000  -0.10398  -0.30814   0.32521  -108.646    1.1987   **   0.21298  -0.16799   0.27125   -38.266   -0.3771   **    3.4922   -70.3804 
 -47.000  -0.10680  -0.31565   0.33323  -108.693    1.4101   **   0.22244  -0.16972   0.27980   -37.343   -0.1078   **    3.7274   -71.3496 
 -46.000  -0.10961  -0.32312   0.34121  -108.739    1.6157   **   0.23195  -0.17144   0.28843   -36.470    0.1563   **    3.9573   -72.2693 
 -45.000  -0.11243  -0.33055   0.34915  -108.784    1.8155   **   0.24148  -0.17315   0.29715   -35.642    0.4148   **    4.1817   -73.1423 
 -44.000  -0.11523  -0.33794   0.35705  -108.829    2.0099   **   0.25103  -0.17485   0.30592   -34.858    0.6676   **    4.4007   -73.9712 
 -43.000  -0.11803  -0.34528   0.36490  -108.872    2.1989   **   0.26059  -0.17652   0.31475   -34.114    0.9145   **    4.6143   -74.7588 
 -42.000  -0.12082  -0.35257   0.37270  -108.915    2.3825   **   0.27013  -0.17817   0.32360   -33.408    1.1555   **    4.8225   -75.5074 
 -41.000  -0.12359  -0.35980   0.38044  -108.957    2.5610   **   0.27966  -0.17980   0.33247   -32.737    1.3905   **    5.0254   -76.2195 
 -40.000  -0.12634  -0.36697   0.38811  -108.998    2.7344   **   0.28916  -0.18140   0.34135   -32.101    1.6194   **    5.2229   -76.8972 
 -39.000  -0.12907  -0.37406   0.39571  -109.037    2.9028   **   0.29863  -0.18296   0.35022   -31.495    1.8421   **    5.4151   -77.5425 
 -38.000  -0.13178  -0.38109   0.40323  -109.076    3.0663   **   0.30804  -0.18449   0.35906   -30.918    2.0587   **    5.6020   -78.1575 
 -37.000  -0.13447  -0.38802   0.41066  -109.113    3.2250   **   0.31739  -0.18598   0.36786   -30.369    2.2691   **    5.7836   -78.7439 
 -36.000  -0.13712  -0.39488   0.41801  -109.150    3.3790   **   0.32666  -0.18743   0.37662   -29.846    2.4733   **    5.9600   -79.3035 
 -35.000  -0.13974  -0.40163   0.42525  -109.185    3.5282   **   0.33586  -0.18884   0.38530   -29.347    2.6714   **    6.1312   -79.8379 
 -34.000  -0.14233  -0.40829   0.43239  -109.219    3.6729   **   0.34496  -0.19019   0.39391   -28.870    2.8634   **    6.2973   -80.3485 
 -33.000  -0.14488  -0.41485   0.43942  -109.251    3.8129   **   0.35395  -0.19150   0.40243   -28.414    3.0492   **    6.4582   -80.8369 
 -32.000  -0.14739  -0.42129   0.44633  -109.282    3.9485   **   0.36283  -0.19275   0.41085   -27.978    3.2290   **    6.6140   -81.3042 
 -31.000  -0.14985  -0.42762   0.45312  -109.312    4.0796   **   0.37159  -0.19394   0.41915   -27.561    3.4028   **    6.7647   -81.7518 
 -30.000  -0.15227  -0.43383   0.45978  -109.341    4.2063   **   0.38021  -0.19507   0.42733   -27.160    3.5706   **    6.9104   -82.1809 
 -29.000  -0.15464  -0.43991   0.46629  -109.368    4.3285   **   0.38869  -0.19614   0.43537   -26.776    3.7325   **    7.0510   -82.5924 
 -28.000  -0.15696  -0.44585   0.47267  -109.394    4.4465   **   0.39701  -0.19714   0.44326   -26.407    3.8884   **    7.1867   -82.9874 
 -27.000  -0.15922  -0.45165   0.47890  -109.419    4.5602   **   0.40516  -0.19807   0.45098   -26.052    4.0385   **    7.3175   -83.3669 
 -26.000  -0.16142  -0.45731   0.48497  -109.442    4.6696   **   0.41314  -0.19892   0.45854   -25.710    4.1828   **    7.4433   -83.7318 
 -25.000  -0.16357  -0.46282   0.49087  -109.464    4.7747   **   0.42094  -0.19971   0.46591   -25.381    4.3214   **    7.5642   -84.0830 
 -24.000  -0.16565  -0.46817   0.49661  -109.485    4.8757   **   0.42854  -0.20041   0.47309   -25.063    4.4542   **    7.6803   -84.4211 
 -23.000  -0.16766  -0.47336   0.50217  -109.504    4.9724   **   0.43595  -0.20103   0.48007   -24.756    4.5814   **    7.7916   -84.7471 
 -22.000  -0.16960  -0.47838   0.50756  -109.521    5.0650   **   0.44314  -0.20157   0.48683   -24.460    4.7029   **    7.8980   -85.0616 
 -21.000  -0.17148  -0.48323   0.51275  -109.537    5.1535   **   0.45011  -0.20203   0.49337   -24.172    4.8189   **    7.9997   -85.3652 
 -20.000  -0.17328  -0.48791   0.51776  -109.552    5.2379   **   0.45686  -0.20239   0.49969   -23.893    4.9293   **    8.0966   -85.6586 
 -19.000  -0.17500  -0.49240   0.52257  -109.565    5.3182   **   0.46338  -0.20266   0.50576   -23.623    5.0342   **    8.1888   -85.9425 
 -18.000  -0.17664  -0.49670   0.52718  -109.577    5.3944   **   0.46965  -0.20284   0.51158   -23.360    5.1337   **    8.2763   -86.2174 
 -17.000  -0.17821  -0.50081   0.53157  -109.588    5.4666   **   0.47567  -0.20293   0.51715   -23.104    5.2277   **    8.3591   -86.4838 
 -16.000  -0.17969  -0.50473   0.53576  -109.597    5.5348   **   0.48144  -0.20292   0.52246   -22.854    5.3163   **    8.4372   -86.7422 
 -15.000  -0.18109  -0.50844   0.53973  -109.604    5.5989   **   0.48695  -0.20280   0.52749   -22.611    5.3996   **    8.5107   -86.9933 
 -14.000  -0.18240  -0.51196   0.54348  -109.610    5.6590   **   0.49218  -0.20259   0.53225   -22.373    5.4776   **    8.5795   -87.2373 
 -13.000  -0.18363  -0.51526   0.54700  -109.615    5.7151   **   0.49714  -0.20227   0.53672   -22.140    5.5503   **    8.6438   -87.4749 
 -12.000  -0.18476  -0.51835   0.55030  -109.618    5.7673   **   0.50182  -0.20185   0.54090   -21.912    5.6177   **    8.7034   -87.7064 
 -11.000  -0.18581  -0.52123   0.55336  -109.620    5.8155   **   0.50622  -0.20132   0.54478   -21.688    5.6798   **    8.7585   -87.9322 
 -10.000  -0.18676  -0.52389   0.55618  -109.620    5.8597   **   0.51032  -0.20069   0.54837   -21.467    5.7367   **    8.8089   -88.1528 
  -9.000  -0.18761  -0.52633   0.55877  -109.619    5.8999   **   0.51413  -0.19994   0.55164   -21.250    5.7884   **    8.8548   -88.3686 
  -8.000  -0.18838  -0.52854   0.56111  -109.617    5.9362   **   0.51764  -0.19908   0.55460   -21.037    5.8350   **    8.8962   -88.5799 
  -7.000  -0.18904  -0.53053   0.56320  -109.613    5.9686   **   0.52084  -0.19811   0.55725   -20.825    5.8763   **    8.9330   -88.7871 
  -6.000  -0.18961  -0.53228   0.56505  -109.607    5.9970   **   0.52374  -0.19703   0.55957   -20.617    5.9125   **    8.9653   -88.9906 
  -5.000  -0.19009  -0.53381   0.56664  -109.600    6.0216   **   0.52632  -0.19584   0.56158   -20.410    5.9435   **    8.9930   -89.1907 
  -4.000  -0.19046  -0.53510   0.56799  -109.592    6.0421   **   0.52859  -0.19453   0.56325   -20.204    5.9694   **    9.0162   -89.3878 
  -3.000  -0.19074  -0.53616   0.56908  -109.583    6.0588   **   0.53055  -0.19311   0.56460   -20.000    5.9901   **    9.0349   -89.5823 
  -2.000  -0.19091  -0.53699   0.56991  -109.572    6.0715   **   0.53218  -0.19157   0.56561   -19.797    6.0057   **    9.0490   -89.7744 
  -1.000  -0.19099  -0.53757   0.57049  -109.559    6.0804   **   0.53350  -0.18991   0.56629   -19.595    6.0161   **    9.0587   -89.9645 
   0.000  -0.19097  -0.53792   0.57082  -109.545    6.0853   **   0.53449  -0.18814   0.56664   -19.393    6.0214   **    9.0637   -90.1530 
   1.000  -0.19085  -0.53803   0.57088  -109.530    6.0862   **   0.53516  -0.18626   0.56664   -19.190    6.0215   **    9.0643   -90.3401 
   2.000  -0.19063  -0.53791   0.57069  -109.514    6.0833   **   0.53550  -0.18426   0.56632   -18.988    6.0165   **    9.0603   -90.5262 
   3.000  -0.19031  -0.53754   0.57024  -109.496    6.0764   **   0.53552  -0.18214   0.56565   -18.784    6.0063   **    9.0518   -90.7117 
   4.000  -0.18989  -0.53694   0.56953  -109.477    6.0656   **   0.53522  -0.17991   0.56465   -18.580    5.9909   **    9.0387   -90.8969 
   5.000  -0.18938  -0.53610   0.56856  -109.456    6.0509   **   0.53459  -0.17757   0.56331   -18.374    5.9703   **    9.0211   -91.0821 
   6.000  -0.18877  -0.53502   0.56734  -109.434    6.0322   **   0.53364  -0.17511   0.56164   -18.167    5.9445   **    8.9989   -91.2677 
   7.000  -0.18806  -0.53370   0.56587  -109.411    6.0096   **   0.53237  -0.17254   0.55963   -17.957    5.9134   **    8.9721   -91.4540 
   8.000  -0.18726  -0.53215   0.56414  -109.387    5.9831   **   0.53078  -0.16985   0.55730   -17.745    5.8771   **    8.9407   -91.6414 
   9.000  -0.18637  -0.53037   0.56216  -109.361    5.9526   **   0.52887  -0.16706   0.55463   -17.530    5.8354   **    8.9047   -91.8303 
  10.000  -0.18538  -0.52836   0.55994  -109.334    5.9181   **   0.52665  -0.16416   0.55164   -17.313    5.7884   **    8.8640   -92.0210 
  11.000  -0.18430  -0.52612   0.55746  -109.305    5.8797   **   0.52411  -0.16115   0.54832   -17.091    5.7361   **    8.8188   -92.2140 
  12.000  -0.18313  -0.52365   0.55475  -109.276    5.8372   **   0.52126  -0.15803   0.54469   -16.866    5.6783   **    8.7688   -92.4096 
  13.000  -0.18187  -0.52095   0.55179  -109.245    5.7908   **   0.51811  -0.15481   0.54074   -16.636    5.6151   **    8.7142   -92.6083 
  14.000  -0.18053  -0.51804   0.54859  -109.212    5.7404   **   0.51465  -0.15149   0.53648   -16.402    5.5465   **    8.6548   -92.8106 
  15.000  -0.17910  -0.51491   0.54517  -109.179    5.6859   **   0.51090  -0.14806   0.53192   -16.162    5.4723   **    8.5907   -93.0167 
  16.000  -0.17759  -0.51156   0.54151  -109.144    5.6274   **   0.50685  -0.14454   0.52706   -15.917    5.3925   **    8.5218   -93.2274 
  17.000  -0.17599  -0.50800   0.53762  -109.108    5.5649   **   0.50252  -0.14092   0.52190   -15.665    5.3071   **    8.4482   -93.4430 
  18.000  -0.17432  -0.50423   0.53351  -109.071    5.4982   **   0.49790  -0.13721   0.51646   -15.407    5.2160   **    8.3697   -93.6640 
  19.000  -0.17258  -0.50026   0.52919  -109.033    5.4275   **   0.49300  -0.13341   0.51073   -15.142    5.1192   **    8.2864   -93.8911 
  20.000  -0.17075  -0.49608   0.52465  -108.994    5.3527   **   0.48783  -0.12952   0.50473   -14.869    5.0166   **    8.1982   -94.1249 
  21.000  -0.16886  -0.49172   0.51990  -108.953    5.2738   **   0.48240  -0.12554   0.49847   -14.587    4.9081   **    8.1051   -94.3659 
  22.000  -0.16690  -0.48716   0.51495  -108.911    5.1907   **   0.47671  -0.12148   0.49195   -14.297    4.7937   **    8.0070   -94.6147 
  23.000  -0.16487  -0.48241   0.50981  -108.869    5.1034   **   0.47077  -0.11735   0.48517   -13.996    4.6733   **    7.9040   -94.8722 
  24.000  -0.16278  -0.47748   0.50447  -108.825    5.0120   **   0.46459  -0.11313   0.47816   -13.686    4.5468   **    7.7959   -95.1390 
  25.000  -0.16062  -0.47238   0.49894  -108.780    4.9163   **   0.45816  -0.10884   0.47092   -13.364    4.4142   **    7.6828   -95.4160 
  26.000  -0.15841  -0.46710   0.49323  -108.734    4.8163   **   0.45152  -0.10449   0.46345   -13.030    4.2754   **    7.5646   -95.7039 
  27.000  -0.15614  -0.46166   0.48735  -108.687    4.7121   **   0.44465  -0.10007   0.45577   -12.683    4.1302   **    7.4412   -96.0037 
  28.000  -0.15382  -0.45605   0.48129  -108.639    4.6036   **   0.43757  -0.09558   0.44789   -12.322    3.9787   **    7.3127   -96.3163 
  29.000  -0.15145  -0.45029   0.47508  -108.589    4.4906   **   0.43029  -0.09104   0.43981   -11.947    3.8207   **    7.1789   -96.6428 
  30.000  -0.14903  -0.44438   0.46871  -108.539    4.3733   **   0.42281  -0.08645   0.43156   -11.555    3.6561   **    7.0398   -96.9843 
  31.000  -0.14656  -0.43833   0.46218  -108.488    4.2516   **   0.41515  -0.08180   0.42314   -11.146    3.4850   **    6.8955   -97.3419 
  32.000  -0.14406  -0.43213   0.45551  -108.437    4.1254   **   0.40732  -0.07711   0.41456   -10.720    3.3070   **    6.7457   -97.7170 
  33.000  -0.14151  -0.42581   0.44871  -108.384    3.9946   **   0.39933  -0.07237   0.40583   -10.273    3.1223   **    6.5906   -98.1109 
  34.000  -0.13893  -0.41936   0.44177  -108.330    3.8593   **   0.39118  -0.06760   0.39698    -9.805    2.9306   **    6.4300   -98.5251 
  35.000  -0.13632  -0.41278   0.43471  -108.276    3.7193   **   0.38289  -0.06280   0.38800    -9.314    2.7320   **    6.2640   -98.9611 
  36.000  -0.13368  -0.40609   0.42753  -108.220    3.5747   **   0.37446  -0.05797   0.37892    -8.800    2.5263   **    6.0923   -99.4209 
  37.000  -0.13101  -0.39930   0.42024  -108.164    3.4252   **   0.36591  -0.05311   0.36975    -8.258    2.3134   **    5.9151   -99.9060 
  38.000  -0.12831  -0.39239   0.41284  -108.108    3.2710   **   0.35725  -0.04823   0.36049    -7.689    2.0933   **    5.7323  -100.4187 
  39.000  -0.12560  -0.38540   0.40535  -108.050    3.1119   **   0.34849  -0.04334   0.35118    -7.089    1.8659   **    5.5437  -100.9611 
  40.000  -0.12286  -0.37831   0.39776  -107.992    2.9478   **   0.33965  -0.03844   0.34181    -6.457    1.6311   **    5.3495  -101.5355 
  41.000  -0.12011  -0.37113   0.39009  -107.934    2.7786   **   0.33072  -0.03353   0.33242    -5.789    1.3890   **    5.1494  -102.1444 
  42.000  -0.11735  -0.36388   0.38234  -107.875    2.6042   **   0.32173  -0.02862   0.32300    -5.084    1.1394   **    4.9436  -102.7907 
  43.000  -0.11458  -0.35655   0.37451  -107.815    2.4247   **   0.31268  -0.02372   0.31358    -4.338    0.8823   **    4.7319  -103.4772 
  44.000  -0.11180  -0.34916   0.36662  -107.755    2.2397   **   0.30359  -0.01882   0.30418    -3.548    0.6178   **    4.5143  -104.2071 
  45.000  -0.10902  -0.34170   0.35867  -107.695    2.0493   **   0.29447  -0.01394   0.29480    -2.711    0.3460   **    4.2909  -104.9840 
  46.000  -0.10623  -0.33419   0.35067  -107.634    1.8532   **   0.28533  -0.00908   0.28548    -1.822    0.0668   **    4.0615  -105.8115 
  47.000  -0.10344  -0.32662   0.34261  -107.573    1.6514   **   0.27619  -0.00424   0.27622    -0.879   -0.2196   **    3.8262  -106.6935 
  48.000  -0.10065  -0.31901   0.33452  -107.511    1.4437   **   0.26704   0.00057   0.26705     0.123   -0.5130   **    3.5849  -107.6344 
  49.000  -0.09787  -0.31136   0.32638  -107.450    1.2299   **   0.25792   0.00535   0.25797     1.189   -0.8131   **    3.3377  -108.6386 
  50.000  -0.09510  -0.30367   0.31822  -107.388    1.0098   **   0.24882   0.01009   0.24903     2.323   -1.1198   **    3.0845  -109.7110 
  51.000  -0.09233  -0.29596   0.31003  -107.327    0.7833   **   0.23976   0.01479   0.24022     3.530   -1.4325   **    2.8255  -110.8566 
  52.000  -0.08958  -0.28821   0.30181  -107.265    0.5501   **   0.23076   0.01944   0.23157     4.815   -1.7509   **    2.5605  -112.0806 
  53.000  -0.08683  -0.28045   0.29358  -107.204    0.3099   **   0.22181   0.02404   0.22311     6.185   -2.0742   **    2.2898  -113.3885 
  54.000  -0.08410  -0.27266   0.28534  -107.142    0.0626   **   0.21295   0.02858   0.21486     7.643   -2.4017   **    2.0132  -114.7858 
  55.000  -0.08139  -0.26487   0.27709  -107.081   -0.1922   **   0.20417   0.03306   0.20683     9.197   -2.7326   **    1.7311  -116.2781 
  56.000  -0.07869  -0.25706   0.26884  -107.021   -0.4548   **   0.19548   0.03747   0.19904    10.850   -3.0657   **    1.4433  -117.8707 
  57.000  -0.07602  -0.24925   0.26059  -106.960   -0.7256   **   0.18691   0.04181   0.19153    12.608   -3.3999   **    1.1502  -119.5686 
  58.000  -0.07336  -0.24144   0.25234  -106.901   -1.0050   **   0.17846   0.04607   0.18431    14.476   -3.7336   **    0.8519  -121.3764 
  59.000  -0.07072  -0.23363   0.24410  -106.841   -1.2934   **   0.17014   0.05026   0.17741    16.456   -4.0651   **    0.5485  -123.2977 
  60.000  -0.06811  -0.22582   0.23587  -106.783   -1.5912   **   0.16197   0.05436   0.17084    18.552   -4.3927   **    0.2404  -125.3351 
  61.000  -0.06551  -0.21802   0.22765  -106.725   -1.8991   **   0.15394   0.05837   0.16464    20.764   -4.7141   **   -0.0721  -127.4895 
  62.000  -0.06295  -0.21024   0.21946  -106.668   -2.2177   **   0.14608   0.06229   0.15881    23.092   -5.0272   **   -0.3888  -129.7601 
  63.000  -0.06040  -0.20246   0.21128  -106.612   -2.5476   **   0.13840   0.06611   0.15338    25.531   -5.3294   **   -0.7092  -132.1434 
  64.000  -0.05788  -0.19470   0.20312  -106.557   -2.8896   **   0.13090   0.06983   0.14836    28.076   -5.6183   **   -1.0328  -134.6334 
  65.000  -0.05539  -0.18695   0.19499  -106.503   -3.2446   **   0.12360   0.07344   0.14377    30.718   -5.8913   **   -1.3591  -137.2212 
  66.000  -0.05292  -0.17923   0.18688  -106.450   -3.6136   **   0.11650   0.07694   0.13961    33.444   -6.1461   **   -1.6875  -139.8945 
  67.000  -0.05048  -0.17152   0.17879  -106.399   -3.9976   **   0.10961   0.08034   0.13590    36.239   -6.3803   **   -2.0173  -142.6375 
  68.000  -0.04806  -0.16384   0.17074  -106.349   -4.3980   **   0.10295   0.08361   0.13262    39.083   -6.5922   **   -2.3477  -145.4319 
  69.000  -0.04567  -0.15617   0.16271  -106.300   -4.8162   **   0.09651   0.08677   0.12978    41.956   -6.7803   **   -2.6779  -148.2561 
  70.000  -0.04330  -0.14853   0.15472  -106.253   -5.2540   **   0.09032   0.08980   0.12737    44.834   -6.9436   **   -3.0068  -151.0871 
  71.000  -0.04096  -0.14092   0.14675  -106.207   -5.7132   **   0.08438   0.09271   0.12535    47.693   -7.0818   **   -3.3335  -153.9003 
  72.000  -0.03864  -0.13332   0.13881  -106.164   -6.1963   **   0.07869   0.09548   0.12373    50.507   -7.1953   **   -3.6568  -156.6711 
  73.000  -0.03635  -0.12575   0.13090  -106.122   -6.7058   **   0.07326   0.09813   0.12246    53.254   -7.2849   **   -3.9754  -159.3757 
  74.000  -0.03408  -0.11821   0.12302  -106.082   -7.2449   **   0.06811   0.10063   0.12151    55.910   -7.3521   **   -4.2879  -161.9915 
  75.000  -0.03183  -0.11069   0.11517  -106.044   -7.8176   **   0.06323   0.10300   0.12086    58.455   -7.3988   **   -4.5929  -164.4987 
  76.000  -0.02960  -0.10319   0.10735  -106.008   -8.4285   **   0.05864   0.10523   0.12047    60.872   -7.4274   **   -4.8889  -166.8799 
  77.000  -0.02740  -0.09571   0.09956  -105.974   -9.0832   **   0.05433   0.10732   0.12029    63.147   -7.4402   **   -5.1742  -169.1209 
  78.000  -0.02521  -0.08826   0.09179  -105.942   -9.7889   **   0.05033   0.10926   0.12029    65.268   -7.4400   **   -5.4472  -171.2103 
  79.000  -0.02304  -0.08083   0.08405  -105.913  -10.5544   **   0.04662   0.11105   0.12044    67.227   -7.4293   **   -5.7063  -173.1400 
  80.000  -0.02089  -0.07341   0.07633  -105.885  -11.3912   **   0.04322   0.11269   0.12070    69.019   -7.4108   **   -5.9498  -174.9040 
  81.000  -0.01876  -0.06602   0.06863  -105.861  -12.3147   **   0.04013   0.11419   0.12103    70.638   -7.3867   **   -6.1760  -176.4988 
  82.000  -0.01663  -0.05864   0.06095  -105.838  -13.3452   **   0.03735   0.11553   0.12141    72.084   -7.3593   **   -6.3833  -177.9225 
  83.000  -0.01453  -0.05127   0.05329  -105.819  -14.5117   **   0.03489   0.11671   0.12182    73.356   -7.3306   **   -6.5701  -179.1749 
  84.000  -0.01243  -0.04392   0.04565  -105.802  -15.8565   **   0.03275   0.11774   0.12221    74.455   -7.3024   **   -6.7352  -180.2562 
  85.000  -0.01034  -0.03658   0.03802  -105.787  -17.4452   **   0.03094   0.11862   0.12258    75.381   -7.2760   **   -6.8772  -181.1676 
  86.000  -0.00826  -0.02925   0.03040  -105.775  -19.3875   **   0.02945   0.11933   0.12291    76.136   -7.2528   **   -6.9949  -181.9106 
  87.000  -0.00619  -0.02193   0.02279  -105.765  -21.8895   **   0.02829   0.11989   0.12318    76.721   -7.2337   **   -7.0875  -182.4866 
  88.000  -0.00413  -0.01462   0.01519  -105.759  -25.4136   **   0.02747   0.12029   0.12338    77.138   -7.2196   **   -7.1542  -182.8970 
  89.000  -0.00206  -0.00731   0.00759  -105.755  -31.4356   **   0.02697   0.12053   0.12351    77.388   -7.2108   **   -7.1945  -183.1428 
  90.000  -0.00000  -0.00000   0.00000  -133.942  -60.0000   **   0.02680   0.12061   0.12355    77.471   -7.2079   **   -7.2079  -211.4135 


   --    >>-------   -------   --ER --   -------   -------<< ** >>-------   -------   --EL --   -------   -------<< ** >>-------   --------<<
 É∆(deg)   RRAD.re   RRAD.im    |RRAD|    RPHASE  RGAI(dB)   **   LRAD.re   LRAD.im    |LRAD|    LPHASE  LGAI(dB)   ** TFGAI(dB)     AR(dB)
 -90.000  -0.01340  -0.06030   0.06177  -102.529  -10.2182   **  -0.01340  -0.06030   0.06177  -102.529  -10.2182   **   -7.2079    60.0000 
 -89.000  -0.00982  -0.06140   0.06218   -99.089  -10.1615   **  -0.01682  -0.05924   0.06158  -105.849  -10.2452   **   -7.1929    46.3429 
 -88.000  -0.00608  -0.06253   0.06282   -95.556  -10.0721   **  -0.02008  -0.05821   0.06158  -109.028  -10.2460   **   -7.1479    39.9910 
 -87.000  -0.00218  -0.06369   0.06373   -91.961   -9.9478   **  -0.02317  -0.05721   0.06173  -112.050  -10.2244   **   -7.0736    35.9580 
 -86.000   0.00189  -0.06489   0.06492   -88.336   -9.7872   **  -0.02612  -0.05625   0.06202  -114.907  -10.1844   **   -6.9709    32.8174 
 -85.000   0.00611  -0.06613   0.06641   -84.717   -9.5901   **  -0.02890  -0.05531   0.06241  -117.591  -10.1297   **   -6.8412    30.1577 
 -84.000   0.01051  -0.06740   0.06821   -81.139   -9.3572   **  -0.03154  -0.05440   0.06288  -120.103  -10.0639   **   -6.6859    27.8175 
 -83.000   0.01506  -0.06871   0.07034   -77.633   -9.0905   **  -0.03402  -0.05352   0.06342  -122.443   -9.9902   **   -6.5068    25.7221 
 -82.000   0.01978  -0.07005   0.07279   -74.229   -8.7924   **  -0.03635  -0.05266   0.06399  -124.617   -9.9117   **   -6.3058    23.8305 
 -81.000   0.02467  -0.07144   0.07558   -70.950   -8.4664   **  -0.03854  -0.05183   0.06459  -126.631   -9.8307   **   -6.0849    22.1165 
 -80.000   0.02971  -0.07286   0.07869   -67.814   -8.1161   **  -0.04058  -0.05103   0.06520  -128.493   -9.7495   **   -5.8462    20.5601 
 -79.000   0.03492  -0.07433   0.08212   -64.833   -7.7453   **  -0.04248  -0.05025   0.06580  -130.212   -9.6700   **   -5.5916    19.1449 
 -78.000   0.04029  -0.07583   0.08587   -62.016   -7.3579   **  -0.04424  -0.04949   0.06638  -131.795   -9.5936   **   -5.3231    17.8562 
 -77.000   0.04582  -0.07737   0.08992   -59.366   -6.9575   **  -0.04586  -0.04875   0.06693  -133.252   -9.5216   **   -5.0427    16.6810 
 -76.000   0.05150  -0.07895   0.09426   -56.881   -6.5477   **  -0.04735  -0.04803   0.06745  -134.591   -9.4551   **   -4.7522    15.6075 
 -75.000   0.05734  -0.08057   0.09889   -54.558   -6.1314   **  -0.04871  -0.04733   0.06792  -135.821   -9.3947   **   -4.4532    14.6250 
 -74.000   0.06334  -0.08222   0.10379   -52.392   -5.7113   **  -0.04994  -0.04665   0.06834  -136.948   -9.3413   **   -4.1473    13.7240 
 -73.000   0.06948  -0.08392   0.10895   -50.376   -5.2898   **  -0.05104  -0.04599   0.06870  -137.982   -9.2952   **   -3.8359    12.8959 
 -72.000   0.07578  -0.08565   0.11436   -48.500   -4.8688   **  -0.05202  -0.04534   0.06900  -138.927   -9.2569   **   -3.5204    12.1333 
 -71.000   0.08222  -0.08742   0.12001   -46.758   -4.4499   **  -0.05288  -0.04470   0.06924  -139.792   -9.2267   **   -3.2019    11.4294 
 -70.000   0.08880  -0.08923   0.12589   -45.139   -4.0346   **  -0.05363  -0.04408   0.06942  -140.581   -9.2047   **   -2.8816    10.7782 
 -69.000   0.09552  -0.09108   0.13198   -43.635   -3.6239   **  -0.05426  -0.04347   0.06953  -141.300   -9.1912   **   -2.5603    10.1745 
 -68.000   0.10238  -0.09296   0.13829   -42.238   -3.2187   **  -0.05479  -0.04288   0.06957  -141.953   -9.1862   **   -2.2389     9.6137 
 -67.000   0.10937  -0.09487   0.14479   -40.939   -2.8197   **  -0.05520  -0.04229   0.06954  -142.546   -9.1897   **   -1.9183     9.0916 
 -66.000   0.11649  -0.09682   0.15148   -39.731   -2.4274   **  -0.05552  -0.04171   0.06944  -143.083   -9.2019   **   -1.5990     8.6047 
 -65.000   0.12374  -0.09880   0.15834   -38.607   -2.0423   **  -0.05574  -0.04114   0.06928  -143.566   -9.2227   **   -1.2817     8.1498 
 -64.000   0.13110  -0.10082   0.16538   -37.561   -1.6646   **  -0.05586  -0.04058   0.06904  -144.000   -9.2521   **   -0.9669     7.7240 
 -63.000   0.13858  -0.10286   0.17258   -36.585   -1.2946   **  -0.05588  -0.04003   0.06874  -144.388   -9.2900   **   -0.6550     7.3247 
 -62.000   0.14616  -0.10493   0.17993   -35.675   -0.9323   **  -0.05582  -0.03948   0.06837  -144.732   -9.3365   **   -0.3465     6.9498 
 -61.000   0.15385  -0.10703   0.18742   -34.826   -0.5779   **  -0.05568  -0.03894   0.06794  -145.035   -9.3915   **   -0.0417     6.5973 
 -60.000   0.16164  -0.10916   0.19505   -34.032   -0.2314   **  -0.05545  -0.03840   0.06745  -145.299   -9.4550   **    0.2591     6.2654 
 -59.000   0.16953  -0.11131   0.20280   -33.289    0.1071   **  -0.05515  -0.03786   0.06689  -145.527   -9.5269   **    0.5556     5.9524 
 -58.000   0.17750  -0.11348   0.21067   -32.593    0.4378   **  -0.05476  -0.03733   0.06628  -145.720   -9.6071   **    0.8477     5.6569 
 -57.000   0.18555  -0.11568   0.21865   -31.941    0.7607   **  -0.05431  -0.03680   0.06560  -145.881   -9.6957   **    1.1351     5.3777 
 -56.000   0.19367  -0.11789   0.22673   -31.329    1.0759   **  -0.05379  -0.03627   0.06488  -146.010   -9.7925   **    1.4176     5.1135 
 -55.000   0.20187  -0.12012   0.23490   -30.753    1.3834   **  -0.05321  -0.03574   0.06410  -146.110   -9.8977   **    1.6952     4.8633 
 -54.000   0.21012  -0.12236   0.24315   -30.213    1.6833   **  -0.05256  -0.03521   0.06327  -146.182  -10.0111   **    1.9677     4.6262 
 -53.000   0.21844  -0.12461   0.25148   -29.704    1.9757   **  -0.05186  -0.03468   0.06239  -146.226  -10.1327   **    2.2351     4.4013 
 -52.000   0.22679  -0.12688   0.25987   -29.224    2.2608   **  -0.05110  -0.03415   0.06146  -146.244  -10.2625   **    2.4972     4.1877 
 -51.000   0.23519  -0.12915   0.26832   -28.772    2.5387   **  -0.05029  -0.03362   0.06049  -146.237  -10.4005   **    2.7540     3.9848 
 -50.000   0.24363  -0.13143   0.27681   -28.345    2.8094   **  -0.04943  -0.03308   0.05948  -146.206  -10.5468   **    3.0054     3.7919 
 -49.000   0.25208  -0.13370   0.28535   -27.941    3.0731   **  -0.04853  -0.03255   0.05843  -146.151  -10.7013   **    3.2515     3.6083 
 -48.000   0.26056  -0.13598   0.29391   -27.560    3.3299   **  -0.04758  -0.03201   0.05735  -146.074  -10.8641   **    3.4922     3.4336 
 -47.000   0.26905  -0.13826   0.30249   -27.198    3.5799   **  -0.04660  -0.03146   0.05623  -145.975  -11.0352   **    3.7274     3.2671 
 -46.000   0.27753  -0.14053   0.31109   -26.855    3.8232   **  -0.04558  -0.03091   0.05508  -145.855  -11.2147   **    3.9573     3.1085 
 -45.000   0.28602  -0.14279   0.31968   -26.530    4.0600   **  -0.04453  -0.03036   0.05390  -145.714  -11.4026   **    4.1817     2.9572 
 -44.000   0.29449  -0.14504   0.32827   -26.221    4.2902   **  -0.04345  -0.02981   0.05269  -145.553  -11.5990   **    4.4007     2.8129 
 -43.000   0.30294  -0.14728   0.33684   -25.927    4.5141   **  -0.04235  -0.02924   0.05147  -145.373  -11.8041   **    4.6143     2.6752 
 -42.000   0.31135  -0.14950   0.34538   -25.648    4.7317   **  -0.04122  -0.02868   0.05021  -145.173  -12.0178   **    4.8225     2.5437 
 -41.000   0.31973  -0.15169   0.35389   -25.381    4.9431   **  -0.04007  -0.02811   0.04894  -144.954  -12.2404   **    5.0254     2.4180 
 -40.000   0.32807  -0.15387   0.36236   -25.127    5.1484   **  -0.03890  -0.02753   0.04766  -144.716  -12.4719   **    5.2229     2.2980 
 -39.000   0.33635  -0.15602   0.37077   -24.885    5.3477   **  -0.03772  -0.02694   0.04635  -144.461  -12.7126   **    5.4151     2.1833 
 -38.000   0.34456  -0.15814   0.37912   -24.653    5.5411   **  -0.03652  -0.02635   0.04504  -144.187  -12.9626   **    5.6020     2.0736 
 -37.000   0.35271  -0.16022   0.38739   -24.431    5.7287   **  -0.03532  -0.02576   0.04371  -143.897  -13.2221   **    5.7836     1.9686 
 -36.000   0.36077  -0.16228   0.39559   -24.218    5.9105   **  -0.03411  -0.02516   0.04238  -143.589  -13.4913   **    5.9600     1.8682 
 -35.000   0.36875  -0.16429   0.40369   -24.015    6.0866   **  -0.03289  -0.02455   0.04104  -143.264  -13.7706   **    6.1312     1.7721 
 -34.000   0.37663  -0.16626   0.41169   -23.819    6.2571   **  -0.03167  -0.02393   0.03969  -142.923  -14.0601   **    6.2973     1.6801 
 -33.000   0.38440  -0.16819   0.41959   -23.631    6.4220   **  -0.03045  -0.02331   0.03834  -142.566  -14.3603   **    6.4582     1.5920 
 -32.000   0.39206  -0.17007   0.42736   -23.450    6.5815   **  -0.02923  -0.02268   0.03700  -142.194  -14.6714   **    6.6140     1.5076 
 -31.000   0.39961  -0.17190   0.43501   -23.276    6.7356   **  -0.02802  -0.02204   0.03565  -141.807  -14.9939   **    6.7647     1.4267 
 -30.000   0.40702  -0.17367   0.44252   -23.107    6.8843   **  -0.02681  -0.02140   0.03430  -141.405  -15.3283   **    6.9104     1.3492 
 -29.000   0.41430  -0.17539   0.44989   -22.945    7.0278   **  -0.02561  -0.02075   0.03296  -140.989  -15.6750   **    7.0510     1.2749 
 -28.000   0.42143  -0.17705   0.45711   -22.788    7.1660   **  -0.02442  -0.02009   0.03162  -140.561  -16.0346   **    7.1867     1.2037 
 -27.000   0.42841  -0.17864   0.46416   -22.636    7.2990   **  -0.02325  -0.01942   0.03029  -140.120  -16.4077   **    7.3175     1.1353 
 -26.000   0.43523  -0.18017   0.47105   -22.488    7.4269   **  -0.02209  -0.01875   0.02897  -139.669  -16.7951   **    7.4433     1.0698 
 -25.000   0.44188  -0.18164   0.47775   -22.345    7.5497   **  -0.02094  -0.01807   0.02766  -139.208  -17.1976   **    7.5642     1.0068 
 -24.000   0.44836  -0.18303   0.48428   -22.206    7.6675   **  -0.01981  -0.01738   0.02636  -138.740  -17.6162   **    7.6803     0.9464 
 -23.000   0.45465  -0.18435   0.49060   -22.071    7.7803   **  -0.01871  -0.01669   0.02507  -138.266  -18.0518   **    7.7916     0.8884 
 -22.000   0.46076  -0.18559   0.49673   -21.939    7.8881   **  -0.01762  -0.01599   0.02379  -137.788  -18.5059   **    7.8980     0.8327 
 -21.000   0.46667  -0.18675   0.50265   -21.810    7.9910   **  -0.01656  -0.01528   0.02253  -137.310  -18.9797   **    7.9997     0.7791 
 -20.000   0.47238  -0.18783   0.50836   -21.684    8.0890   **  -0.01552  -0.01456   0.02128  -136.835  -19.4749   **    8.0966     0.7276 
 -19.000   0.47789  -0.18883   0.51384   -21.561    8.1822   **  -0.01451  -0.01383   0.02005  -136.368  -19.9935   **    8.1888     0.6781 
 -18.000   0.48317  -0.18974   0.51910   -21.440    8.2706   **  -0.01353  -0.01310   0.01883  -135.914  -20.5376   **    8.2763     0.6304 
 -17.000   0.48824  -0.19057   0.52412   -21.322    8.3542   **  -0.01257  -0.01236   0.01763  -135.481  -21.1101   **    8.3591     0.5845 
 -16.000   0.49308  -0.19130   0.52890   -21.205    8.4330   **  -0.01164  -0.01161   0.01644  -135.077  -21.7139   **    8.4372     0.5403 
 -15.000   0.49770  -0.19195   0.53343   -21.090    8.5071   **  -0.01075  -0.01086   0.01528  -134.714  -22.3530   **    8.5107     0.4977 
 -14.000   0.50207  -0.19250   0.53771   -20.977    8.5766   **  -0.00989  -0.01009   0.01413  -134.406  -23.0318   **    8.5795     0.4566 
 -13.000   0.50620  -0.19295   0.54173   -20.865    8.6413   **  -0.00906  -0.00932   0.01300  -134.174  -23.7561   **    8.6438     0.4169 
 -12.000   0.51009  -0.19331   0.54549   -20.755    8.7014   **  -0.00826  -0.00854   0.01189  -134.043  -24.5326   **    8.7034     0.3786 
 -11.000   0.51372  -0.19356   0.54898   -20.646    8.7568   **  -0.00751  -0.00776   0.01079  -134.049  -25.3701   **    8.7585     0.3416 
 -10.000   0.51711  -0.19372   0.55220   -20.537    8.8076   **  -0.00678  -0.00696   0.00972  -134.242  -26.2794   **    8.8089     0.3059 
  -9.000   0.52023  -0.19378   0.55515   -20.430    8.8538   **  -0.00610  -0.00616   0.00867  -134.696  -27.2743   **    8.8548     0.2713 
  -8.000   0.52309  -0.19373   0.55781   -20.322    8.8954   **  -0.00545  -0.00535   0.00764  -135.516  -28.3729   **    8.8962     0.2379 
  -7.000   0.52568  -0.19358   0.56019   -20.216    8.9324   **  -0.00484  -0.00454   0.00663  -136.872  -29.5981   **    8.9330     0.2057 
  -6.000   0.52801  -0.19332   0.56229   -20.109    8.9648   **  -0.00427  -0.00371   0.00566  -139.035  -30.9796   **    8.9653     0.1748 
  -5.000   0.53007  -0.19296   0.56410   -20.003    8.9927   **  -0.00374  -0.00288   0.00472  -142.467  -32.5527   **    8.9930     0.1454 
  -4.000   0.53185  -0.19250   0.56561   -19.897    9.0160   **  -0.00326  -0.00203   0.00384  -147.994  -34.3490   **    9.0162     0.1179 
  -3.000   0.53335  -0.19192   0.56683   -19.791    9.0348   **  -0.00281  -0.00119   0.00305  -157.119  -36.3527   **    9.0349     0.0934 
  -2.000   0.53458  -0.19124   0.56776   -19.684    9.0490   **  -0.00240  -0.00033   0.00243  -172.238  -38.3396   **    9.0490     0.0742 
  -1.000   0.53553  -0.19045   0.56839   -19.577    9.0586   **  -0.00204   0.00054   0.00211   165.212  -39.5526   **    9.0587     0.0645 
   0.000   0.53621  -0.18956   0.56872   -19.469    9.0637   **  -0.00172   0.00141   0.00222   140.571  -39.0923   **    9.0637     0.0679 
   1.000   0.53660  -0.18855   0.56876   -19.361    9.0642   **  -0.00144   0.00229   0.00271   122.087  -37.3799   **    9.0643     0.0827 
   2.000   0.53670  -0.18744   0.56850   -19.252    9.0602   **  -0.00120   0.00319   0.00340   110.683  -35.3927   **    9.0603     0.1040 
   3.000   0.53653  -0.18623   0.56793   -19.142    9.0516   **  -0.00101   0.00408   0.00421   103.880  -33.5550   **    9.0518     0.1287 
   4.000   0.53608  -0.18490   0.56707   -19.030    9.0384   **  -0.00086   0.00499   0.00506    99.764  -31.9434   **    9.0387     0.1552 
   5.000   0.53534  -0.18347   0.56591   -18.918    9.0206   **  -0.00075   0.00591   0.00595    97.251  -30.5377   **    9.0211     0.1828 
   6.000   0.53433  -0.18194   0.56446   -18.804    8.9982   **  -0.00069   0.00683   0.00687    95.745  -29.3015   **    8.9989     0.2113 
   7.000   0.53304  -0.18030   0.56270   -18.688    8.9713   **  -0.00067   0.00776   0.00779    94.901  -28.2023   **    8.9721     0.2405 
   8.000   0.53147  -0.17856   0.56066   -18.571    8.9396   **  -0.00069   0.00870   0.00873    94.513  -27.2139   **    8.9407     0.2705 
   9.000   0.52962  -0.17671   0.55832   -18.452    8.9034   **  -0.00075   0.00965   0.00968    94.447  -26.3159   **    8.9047     0.3012 
  10.000   0.52750  -0.17477   0.55570   -18.331    8.8625   **  -0.00086   0.01061   0.01064    94.615  -25.4927   **    8.8640     0.3328 
  11.000   0.52511  -0.17272   0.55279   -18.207    8.8168   **  -0.00100   0.01157   0.01162    94.959  -24.7319   **    8.8188     0.3651 
  12.000   0.52245  -0.17058   0.54960   -18.082    8.7665   **  -0.00119   0.01255   0.01260    95.433  -24.0239   **    8.7688     0.3985 
  13.000   0.51953  -0.16834   0.54612   -17.954    8.7115   **  -0.00142   0.01353   0.01360    96.006  -23.3610   **    8.7142     0.4328 
  14.000   0.51635  -0.16601   0.54238   -17.823    8.6516   **  -0.00169   0.01452   0.01462    96.655  -22.7369   **    8.6548     0.4683 
  15.000   0.51290  -0.16358   0.53836   -17.689    8.5870   **  -0.00200   0.01552   0.01565    97.360  -22.1466   **    8.5907     0.5050 
  16.000   0.50920  -0.16106   0.53407   -17.552    8.5176   **  -0.00235   0.01652   0.01669    98.107  -21.5859   **    8.5218     0.5430 
  17.000   0.50526  -0.15846   0.52952   -17.413    8.4433   **  -0.00274   0.01753   0.01775    98.885  -21.0514   **    8.4482     0.5825 
  18.000   0.50106  -0.15577   0.52472   -17.269    8.3641   **  -0.00317   0.01856   0.01882    99.684  -20.5403   **    8.3697     0.6235 
  19.000   0.49663  -0.15299   0.51966   -17.122    8.2800   **  -0.00363   0.01958   0.01992   100.496  -20.0501   **    8.2864     0.6661 
  20.000   0.49196  -0.15014   0.51436   -16.971    8.1910   **  -0.00413   0.02062   0.02103   101.315  -19.5789   **    8.1982     0.7106 
  21.000   0.48706  -0.14720   0.50882   -16.816    8.0969   **  -0.00466   0.02166   0.02216   102.135  -19.1249   **    8.1051     0.7569 
  22.000   0.48193  -0.14419   0.50304   -16.657    7.9977   **  -0.00522   0.02271   0.02330   102.952  -18.6868   **    8.0070     0.8052 
  23.000   0.47659  -0.14111   0.49704   -16.493    7.8935   **  -0.00582   0.02376   0.02447   103.762  -18.2633   **    7.9040     0.8558 
  24.000   0.47103  -0.13795   0.49082   -16.324    7.7841   **  -0.00645   0.02482   0.02565   104.562  -17.8535   **    7.7959     0.9086 
  25.000   0.46527  -0.13473   0.48439   -16.150    7.6695   **  -0.00711   0.02589   0.02685   105.348  -17.4563   **    7.6828     0.9638 
  26.000   0.45931  -0.13145   0.47775   -15.971    7.5496   **  -0.00779   0.02696   0.02806   106.120  -17.0711   **    7.5646     1.0217 
  27.000   0.45315  -0.12810   0.47091   -15.785    7.4244   **  -0.00850   0.02804   0.02930   106.874  -16.6973   **    7.4412     1.0822 
  28.000   0.44681  -0.12470   0.46389   -15.594    7.2939   **  -0.00924   0.02912   0.03055   107.609  -16.3342   **    7.3127     1.1457 
  29.000   0.44029  -0.12124   0.45668   -15.396    7.1578   **  -0.01000   0.03020   0.03182   108.324  -15.9814   **    7.1789     1.2122 
  30.000   0.43360  -0.11774   0.44930   -15.192    7.0163   **  -0.01078   0.03129   0.03310   109.017  -15.6385   **    7.0398     1.2820 
  31.000   0.42674  -0.11418   0.44175   -14.980    6.8692   **  -0.01159   0.03238   0.03439   109.687  -15.3052   **    6.8955     1.3552 
  32.000   0.41973  -0.11058   0.43405   -14.760    6.7165   **  -0.01241   0.03347   0.03570   110.334  -14.9811   **    6.7457     1.4320 
  33.000   0.41257  -0.10694   0.42620   -14.532    6.5580   **  -0.01324   0.03457   0.03702   110.957  -14.6661   **    6.5906     1.5126 
  34.000   0.40527  -0.10327   0.41822   -14.296    6.3937   **  -0.01409   0.03566   0.03835   111.555  -14.3598   **    6.4300     1.5973 
  35.000   0.39783  -0.09956   0.41010   -14.050    6.2235   **  -0.01495   0.03676   0.03968   112.129  -14.0622   **    6.2640     1.6862 
  36.000   0.39028  -0.09582   0.40187   -13.795    6.0473   **  -0.01582   0.03786   0.04103   112.676  -13.7730   **    6.0923     1.7797 
  37.000   0.38260  -0.09206   0.39352   -13.529    5.8650   **  -0.01669   0.03895   0.04237   113.198  -13.4922   **    5.9151     1.8779 
  38.000   0.37482  -0.08827   0.38508   -13.252    5.6766   **  -0.01757   0.04004   0.04373   113.693  -13.2196   **    5.7323     1.9811 
  39.000   0.36695  -0.08447   0.37654   -12.963    5.4819   **  -0.01845   0.04113   0.04508   114.163  -12.9551   **    5.5437     2.0897 
  40.000   0.35898  -0.08065   0.36793   -12.662    5.2808   **  -0.01933   0.04221   0.04643   114.605  -12.6987   **    5.3495     2.2039 
  41.000   0.35093  -0.07682   0.35924   -12.348    5.0733   **  -0.02021   0.04329   0.04778   115.021  -12.4503   **    5.1494     2.3241 
  42.000   0.34280  -0.07299   0.35049   -12.020    4.8591   **  -0.02108   0.04436   0.04912   115.411  -12.2098   **    4.9436     2.4506 
  43.000   0.33462  -0.06915   0.34169   -11.676    4.6382   **  -0.02194   0.04543   0.05045   115.773  -11.9772   **    4.7319     2.5838 
  44.000   0.32638  -0.06531   0.33285   -11.316    4.4105   **  -0.02278   0.04649   0.05177   116.108  -11.7526   **    4.5143     2.7241 
  45.000   0.31809  -0.06148   0.32397   -10.939    4.1759   **  -0.02361   0.04754   0.05308   116.416  -11.5359   **    4.2909     2.8720 
  46.000   0.30976  -0.05765   0.31508   -10.543    3.9341   **  -0.02443   0.04857   0.05437   116.697  -11.3270   **    4.0615     3.0280 
  47.000   0.30141  -0.05384   0.30618   -10.128    3.6851   **  -0.02522   0.04960   0.05564   116.950  -11.1261   **    3.8262     3.1926 
  48.000   0.29303  -0.05004   0.29727    -9.691    3.4287   **  -0.02598   0.05061   0.05689   117.175  -10.9330   **    3.5849     3.3663 
  49.000   0.28464  -0.04626   0.28837    -9.231    3.1648   **  -0.02672   0.05161   0.05812   117.372  -10.7479   **    3.3377     3.5497 
  50.000   0.27625  -0.04250   0.27950    -8.747    2.8932   **  -0.02743   0.05260   0.05932   117.541  -10.5708   **    3.0845     3.7436 
  51.000   0.26786  -0.03877   0.27065    -8.236    2.6138   **  -0.02810   0.05356   0.06048   117.681  -10.4017   **    2.8255     3.9487 
  52.000   0.25948  -0.03507   0.26184    -7.697    2.3265   **  -0.02873   0.05451   0.06162   117.791  -10.2406   **    2.5605     4.1659 
  53.000   0.25113  -0.03140   0.25309    -7.126    2.0310   **  -0.02932   0.05543   0.06271   117.872  -10.0877   **    2.2898     4.3959 
  54.000   0.24281  -0.02776   0.24439    -6.523    1.7272   **  -0.02986   0.05634   0.06376   117.922   -9.9429   **    2.0132     4.6398 
  55.000   0.23452  -0.02417   0.23576    -5.884    1.4150   **  -0.03035   0.05722   0.06477   117.941   -9.8064   **    1.7311     4.8986 
  56.000   0.22627  -0.02061   0.22721    -5.205    1.0942   **  -0.03079   0.05808   0.06574   117.929   -9.6782   **    1.4433     5.1737 
  57.000   0.21808  -0.01710   0.21875    -4.485    0.7647   **  -0.03117   0.05891   0.06665   117.883   -9.5584   **    1.1502     5.4664 
  58.000   0.20995  -0.01364   0.21039    -3.718    0.4263   **  -0.03149   0.05972   0.06751   117.804   -9.4471   **    0.8519     5.7782 
  59.000   0.20189  -0.01023   0.20214    -2.901    0.0789   **  -0.03174   0.06049   0.06831   117.690   -9.3444   **    0.5485     6.1108 
  60.000   0.19389  -0.00687   0.19402    -2.031   -0.2776   **  -0.03193   0.06123   0.06906   117.539   -9.2503   **    0.2404     6.4661 
  61.000   0.18598  -0.00357   0.18602    -1.101   -0.6433   **  -0.03204   0.06194   0.06974   117.351   -9.1650   **   -0.0721     6.8464 
  62.000   0.17816  -0.00033   0.17816    -0.106   -1.0181   **  -0.03208   0.06262   0.07035   117.124   -9.0887   **   -0.3888     7.2541 
  63.000   0.17043   0.00285   0.17045     0.959   -1.4022   **  -0.03203   0.06325   0.07090   116.856   -9.0213   **   -0.7092     7.6921 
  64.000   0.16280   0.00597   0.16291     2.101   -1.7954   **  -0.03190   0.06385   0.07138   116.544   -8.9630   **   -1.0328     8.1636 
  65.000   0.15528   0.00903   0.15554     3.327   -2.1977   **  -0.03168   0.06441   0.07178   116.187   -8.9140   **   -1.3591     8.6725 
  66.000   0.14786   0.01201   0.14835     4.644   -2.6086   **  -0.03136   0.06493   0.07211   115.782   -8.8743   **   -1.6875     9.2231 
  67.000   0.14057   0.01493   0.14136     6.063   -3.0280   **  -0.03096   0.06541   0.07236   115.327   -8.8441   **   -2.0173     9.8206 
  68.000   0.13339   0.01778   0.13457     7.591   -3.4554   **  -0.03044   0.06584   0.07253   114.817   -8.8235   **   -2.3477    10.4710 
  69.000   0.12634   0.02055   0.12800     9.238   -3.8899   **  -0.02983   0.06622   0.07263   114.250   -8.8125   **   -2.6779    11.1813 
  70.000   0.11943   0.02325   0.12167    11.016   -4.3308   **  -0.02911   0.06655   0.07264   113.622   -8.8112   **   -3.0068    11.9601 
  71.000   0.11265   0.02587   0.11558    12.936   -4.7767   **  -0.02827   0.06683   0.07257   112.928   -8.8197   **   -3.3335    12.8177 
  72.000   0.10601   0.02842   0.10975    15.008   -5.2263   **  -0.02732   0.06706   0.07241   112.163   -8.8381   **   -3.6568    13.7664 
  73.000   0.09951   0.03089   0.10419    17.245   -5.6777   **  -0.02625   0.06724   0.07218   111.323   -8.8663   **   -3.9754    14.8216 
  74.000   0.09316   0.03328   0.09892    19.657   -6.1284   **  -0.02505   0.06736   0.07186   110.401   -8.9043   **   -4.2879    16.0023 
  75.000   0.08696   0.03559   0.09396    22.256   -6.5756   **  -0.02373   0.06742   0.07147   109.390   -8.9519   **   -4.5929    17.3330 
  76.000   0.08091   0.03781   0.08931    25.049   -7.0161   **  -0.02228   0.06742   0.07100   108.284   -9.0089   **   -4.8889    18.8453 
  77.000   0.07502   0.03996   0.08500    28.041   -7.4458   **  -0.02069   0.06736   0.07046   107.075   -9.0751   **   -5.1742    20.5823 
  78.000   0.06929   0.04202   0.08104    31.235   -7.8604   **  -0.01897   0.06723   0.06986   105.753   -9.1500   **   -5.4472    22.6039 
  79.000   0.06372   0.04400   0.07744    34.627   -8.2551   **  -0.01710   0.06705   0.06919   104.311   -9.2330   **   -5.7063    25.0003 
  80.000   0.05831   0.04590   0.07421    38.208   -8.6248   **  -0.01510   0.06679   0.06848   102.736   -9.3234   **   -5.9498    27.9177 
  81.000   0.05307   0.04772   0.07137    41.958   -8.9644   **  -0.01294   0.06647   0.06772   101.020   -9.4200   **   -6.1760    31.6269 
  82.000   0.04799   0.04945   0.06891    45.854   -9.2691   **  -0.01064   0.06608   0.06693    99.150   -9.5217   **   -6.3833    36.7499 
  83.000   0.04308   0.05109   0.06683    49.862   -9.5348   **  -0.00819   0.06562   0.06613    97.115   -9.6266   **   -6.5701    45.5340 
  84.000   0.03834   0.05266   0.06513    53.943   -9.7583   **  -0.00558   0.06509   0.06532    94.904   -9.7328   **   -6.7352    56.6800 
  85.000   0.03376   0.05414   0.06380    58.051   -9.9379   **  -0.00282   0.06448   0.06454    92.506   -9.8377   **   -6.8772    44.7834 
  86.000   0.02935   0.05553   0.06281    62.140  -10.0733   **   0.00010   0.06380   0.06380    89.911   -9.9383   **   -6.9949    42.1904 
  87.000   0.02511   0.05685   0.06215    66.166  -10.1658   **   0.00318   0.06304   0.06312    87.112  -10.0309   **   -7.0875    42.2005 
  88.000   0.02104   0.05808   0.06178    70.085  -10.2181   **   0.00642   0.06221   0.06254    84.105  -10.1116   **   -7.1542    44.2516 
  89.000   0.01714   0.05923   0.06166    73.863  -10.2340   **   0.00983   0.06129   0.06208    80.889  -10.1757   **   -7.1945    49.4780 
  90.000   0.01340   0.06030   0.06177    77.471  -10.2182   **   0.01340   0.06030   0.06177    77.471  -10.2182   **   -7.2079    60.0000 




