 [antenna_pattern.dat]

  É” = 0.000 Åãplane
   É∆(deg)       EÉ”       EÉ∆       ER        EL 
   -90.000  -30.0000  -13.2941  -19.2824  -19.2824
   -89.000  -30.0000  -13.2943  -19.2257  -19.3094
   -88.000  -30.0000  -13.2947  -19.1363  -19.3102
   -87.000  -28.2942  -13.2951  -19.0120  -19.2887
   -86.000  -25.7919  -13.2949  -18.8514  -19.2486
   -85.000  -23.8492  -13.2937  -18.6543  -19.1939
   -84.000  -22.2602  -13.2905  -18.4214  -19.1281
   -83.000  -20.9149  -13.2844  -18.1547  -19.0544
   -82.000  -19.7477  -13.2742  -17.8566  -18.9759
   -81.000  -18.7165  -13.2588  -17.5306  -18.8949
   -80.000  -17.7923  -13.2367  -17.1803  -18.8138
   -79.000  -16.9546  -13.2064  -16.8095  -18.7342
   -78.000  -16.1882  -13.1665  -16.4221  -18.6578
   -77.000  -15.4816  -13.1154  -16.0217  -18.5858
   -76.000  -14.8258  -13.0516  -15.6119  -18.5193
   -75.000  -14.2138  -12.9739  -15.1956  -18.4589
   -74.000  -13.6398  -12.8809  -14.7755  -18.4055
   -73.000  -13.0993  -12.7718  -14.3540  -18.3594
   -72.000  -12.5884  -12.6457  -13.9330  -18.3211
   -71.000  -12.1039  -12.5022  -13.5141  -18.2909
   -70.000  -11.6430  -12.3412  -13.0988  -18.2689
   -69.000  -11.2036  -12.1629  -12.6881  -18.2554
   -68.000  -10.7836  -11.9678  -12.2829  -18.2504
   -67.000  -10.3813  -11.7568  -11.8839  -18.2539
   -66.000   -9.9953  -11.5308  -11.4917  -18.2661
   -65.000   -9.6243  -11.2911  -11.1065  -18.2869
   -64.000   -9.2672  -11.0391  -10.7288  -18.3163
   -63.000   -8.9230  -10.7764  -10.3588  -18.3542
   -62.000   -8.5908  -10.5045   -9.9965  -18.4007
   -61.000   -8.2698  -10.2249   -9.6421  -18.4557
   -60.000   -7.9594   -9.9392   -9.2957  -18.5192
   -59.000   -7.6590   -9.6488   -8.9571  -18.5911
   -58.000   -7.3679   -9.3551   -8.6264  -18.6713
   -57.000   -7.0858   -9.0594   -8.3035  -18.7599
   -56.000   -6.8121   -8.7629   -7.9883  -18.8568
   -55.000   -6.5466   -8.4665   -7.6809  -18.9619
   -54.000   -6.2887   -8.1713   -7.3809  -19.0753
   -53.000   -6.0382   -7.8781   -7.0885  -19.1969
   -52.000   -5.7949   -7.5875   -6.8034  -19.3267
   -51.000   -5.5584   -7.3002   -6.5255  -19.4648
   -50.000   -5.3284   -7.0168   -6.2548  -19.6110
   -49.000   -5.1049   -6.7377   -5.9911  -19.7655
   -48.000   -4.8875   -6.4634   -5.7343  -19.9283
   -47.000   -4.6761   -6.1940   -5.4843  -20.0994
   -46.000   -4.4706   -5.9300   -5.2410  -20.2789
   -45.000   -4.2707   -5.6715   -5.0043  -20.4668
   -44.000   -4.0763   -5.4186   -4.7740  -20.6632
   -43.000   -3.8874   -5.1717   -4.5501  -20.8683
   -42.000   -3.7037   -4.9307   -4.3325  -21.0820
   -41.000   -3.5252   -4.6957   -4.1211  -21.3046
   -40.000   -3.3518   -4.4669   -3.9158  -21.5361
   -39.000   -3.1834   -4.2441   -3.7165  -21.7768
   -38.000   -3.0199   -4.0276   -3.5231  -22.0268
   -37.000   -2.8612   -3.8172   -3.3356  -22.2863
   -36.000   -2.7073   -3.6129   -3.1538  -22.5555
   -35.000   -2.5580   -3.4148   -2.9776  -22.8348
   -34.000   -2.4134   -3.2229   -2.8071  -23.1243
   -33.000   -2.2733   -3.0370   -2.6422  -23.4245
   -32.000   -2.1377   -2.8572   -2.4827  -23.7356
   -31.000   -2.0067   -2.6834   -2.3286  -24.0582
   -30.000   -1.8800   -2.5156   -2.1799  -24.3925
   -29.000   -1.7577   -2.3538   -2.0364  -24.7392
   -28.000   -1.6397   -2.1978   -1.8982  -25.0988
   -27.000   -1.5261   -2.0477   -1.7652  -25.4719
   -26.000   -1.4167   -1.9034   -1.6373  -25.8593
   -25.000   -1.3115   -1.7649   -1.5145  -26.2618
   -24.000   -1.2106   -1.6320   -1.3967  -26.6804
   -23.000   -1.1138   -1.5049   -1.2839  -27.1161
   -22.000   -1.0212   -1.3833   -1.1761  -27.5701
   -21.000   -0.9327   -1.2674   -1.0732  -28.0439
   -20.000   -0.8483   -1.1570   -0.9752  -28.5391
   -19.000   -0.7680   -1.0520   -0.8820  -29.0577
   -18.000   -0.6918   -0.9526   -0.7936  -29.6019
   -17.000   -0.6196   -0.8585   -0.7100  -30.0000
   -16.000   -0.5515   -0.7699   -0.6312  -30.0000
   -15.000   -0.4873   -0.6866   -0.5571  -30.0000
   -14.000   -0.4272   -0.6086   -0.4877  -30.0000
   -13.000   -0.3711   -0.5360   -0.4229  -30.0000
   -12.000   -0.3190   -0.4686   -0.3629  -30.0000
   -11.000   -0.2708   -0.4064   -0.3074  -30.0000
   -10.000   -0.2266   -0.3495   -0.2566  -30.0000
    -9.000   -0.1863   -0.2978   -0.2104  -30.0000
    -8.000   -0.1500   -0.2513   -0.1688  -30.0000
    -7.000   -0.1176   -0.2099   -0.1318  -30.0000
    -6.000   -0.0892   -0.1737   -0.0994  -30.0000
    -5.000   -0.0647   -0.1427   -0.0715  -30.0000
    -4.000   -0.0441   -0.1169   -0.0482  -30.0000
    -3.000   -0.0274   -0.0961   -0.0294  -30.0000
    -2.000   -0.0147   -0.0805   -0.0153  -30.0000
    -1.000   -0.0059   -0.0701   -0.0056  -30.0000
     0.000   -0.0010   -0.0648   -0.0005  -30.0000
     1.000    0.0000   -0.0647    0.0000  -30.0000
     2.000   -0.0029   -0.0697   -0.0040  -30.0000
     3.000   -0.0098   -0.0799   -0.0126  -30.0000
     4.000   -0.0206   -0.0953   -0.0258  -30.0000
     5.000   -0.0353   -0.1159   -0.0436  -30.0000
     6.000   -0.0540   -0.1418   -0.0660  -30.0000
     7.000   -0.0766   -0.1728   -0.0930  -30.0000
     8.000   -0.1031   -0.2092   -0.1246  -30.0000
     9.000   -0.1337   -0.2508   -0.1608  -30.0000
    10.000   -0.1681   -0.2978   -0.2018  -30.0000
    11.000   -0.2066   -0.3502   -0.2474  -30.0000
    12.000   -0.2490   -0.4079   -0.2977  -30.0000
    13.000   -0.2954   -0.4711   -0.3527  -30.0000
    14.000   -0.3459   -0.5398   -0.4126  -30.0000
    15.000   -0.4003   -0.6140   -0.4772  -30.0000
    16.000   -0.4588   -0.6937   -0.5466  -30.0000
    17.000   -0.5214   -0.7791   -0.6209  -30.0000
    18.000   -0.5880   -0.8702   -0.7001  -29.6045
    19.000   -0.6587   -0.9670   -0.7842  -29.1143
    20.000   -0.7335   -1.0696   -0.8732  -28.6431
    21.000   -0.8124   -1.1781   -0.9673  -28.1891
    22.000   -0.8955   -1.2925   -1.0665  -27.7510
    23.000   -0.9828   -1.4129   -1.1707  -27.3276
    24.000   -1.0743   -1.5394   -1.2801  -26.9177
    25.000   -1.1699   -1.6720   -1.3947  -26.5205
    26.000   -1.2699   -1.8109   -1.5146  -26.1353
    27.000   -1.3741   -1.9560   -1.6398  -25.7615
    28.000   -1.4827   -2.1075   -1.7704  -25.3984
    29.000   -1.5956   -2.2655   -1.9064  -25.0456
    30.000   -1.7129   -2.4301   -2.0479  -24.7027
    31.000   -1.8346   -2.6013   -2.1950  -24.3694
    32.000   -1.9609   -2.7792   -2.3477  -24.0453
    33.000   -2.0916   -2.9639   -2.5062  -23.7303
    34.000   -2.2270   -3.1556   -2.6705  -23.4240
    35.000   -2.3669   -3.3542   -2.8407  -23.1264
    36.000   -2.5116   -3.5599   -3.0169  -22.8373
    37.000   -2.6610   -3.7728   -3.1992  -22.5564
    38.000   -2.8152   -3.9929   -3.3876  -22.2838
    39.000   -2.9744   -4.2203   -3.5823  -22.0193
    40.000   -3.1385   -4.4551   -3.7834  -21.7629
    41.000   -3.3077   -4.6973   -3.9909  -21.5145
    42.000   -3.4820   -4.9469   -4.2051  -21.2740
    43.000   -3.6616   -5.2039   -4.4260  -21.0415
    44.000   -3.8465   -5.4684   -4.6537  -20.8168
    45.000   -4.0370   -5.7403   -4.8884  -20.6001
    46.000   -4.2330   -6.0194   -5.1301  -20.3912
    47.000   -4.4348   -6.3058   -5.3791  -20.1903
    48.000   -4.6426   -6.5992   -5.6355  -19.9972
    49.000   -4.8564   -6.8994   -5.8994  -19.8121
    50.000   -5.0764   -7.2060   -6.1710  -19.6350
    51.000   -5.3030   -7.5188   -6.4504  -19.4659
    52.000   -5.5362   -7.8371   -6.7377  -19.3048
    53.000   -5.7763   -8.1604   -7.0332  -19.1519
    54.000   -6.0236   -8.4880   -7.3370  -19.0071
    55.000   -6.2785   -8.8188   -7.6492  -18.8706
    56.000   -6.5411   -9.1520   -7.9700  -18.7424
    57.000   -6.8119   -9.4861   -8.2995  -18.6226
    58.000   -7.0912   -9.8198   -8.6379  -18.5113
    59.000   -7.3796  -10.1514   -8.9853  -18.4086
    60.000   -7.6775  -10.4789   -9.3418  -18.3145
    61.000   -7.9854  -10.8004   -9.7075  -18.2292
    62.000   -8.3039  -11.1134  -10.0824  -18.1529
    63.000   -8.6338  -11.4156  -10.4664  -18.0855
    64.000   -8.9758  -11.7045  -10.8596  -18.0272
    65.000   -9.3308  -11.9775  -11.2619  -17.9782
    66.000   -9.6998  -12.2323  -11.6729  -17.9385
    67.000  -10.0838  -12.4666  -12.0923  -17.9083
    68.000  -10.4842  -12.6785  -12.5196  -17.8877
    69.000  -10.9025  -12.8665  -12.9541  -17.8767
    70.000  -11.3402  -13.0298  -13.3950  -17.8754
    71.000  -11.7995  -13.1681  -13.8410  -17.8840
    72.000  -12.2825  -13.2815  -14.2906  -17.9023
    73.000  -12.7920  -13.3711  -14.7419  -17.9305
    74.000  -13.3312  -13.4383  -15.1926  -17.9685
    75.000  -13.9039  -13.4851  -15.6398  -18.0161
    76.000  -14.5147  -13.5136  -16.0803  -18.0731
    77.000  -15.1695  -13.5265  -16.5100  -18.1393
    78.000  -15.8751  -13.5262  -16.9246  -18.2142
    79.000  -16.6406  -13.5156  -17.3194  -18.2972
    80.000  -17.4775  -13.4970  -17.6890  -18.3876
    81.000  -18.4009  -13.4729  -18.0286  -18.4842
    82.000  -19.4315  -13.4455  -18.3333  -18.5859
    83.000  -20.5980  -13.4169  -18.5990  -18.6908
    84.000  -21.9428  -13.3886  -18.8225  -18.7970
    85.000  -23.5314  -13.3622  -19.0021  -18.9019
    86.000  -25.4737  -13.3390  -19.1375  -19.0025
    87.000  -27.9757  -13.3200  -19.2300  -19.0952
    88.000  -30.0000  -13.3058  -19.2823  -19.1758
    89.000  -30.0000  -13.2971  -19.2982  -19.2399
    90.000  -30.0000  -13.2941  -19.2824  -19.2824




